1010673316 1111497595
1
sift 126
18 12
17 15
35 32
45 28
42 34
49 31
50 38
48 41
63 42
54 58
53 65
72 62
74 64
80 61
87 59
94 69
88 87
117 66
106 89
108 99
128 79
112 98
132 85
114 120
159 103
149 109
139 117
155 110
116 148
147 132
170 118
166 129
150 139
151 144
173 131
163 143
179 140
186 141
169 175
221 142
208 154
200 157
211 161
222 164
225 166
216 177
243 159
261 152
194 204
250 169
217 199
278 167
238 193
259 184
284 182
276 189
306 185
279 206
267 216
322 188
288 228
295 225
286 234
264 249
274 259
315 246
304 265
379 215
336 245
333 250
316 269
301 289
363 237
366 273
339 312
404 251
380 268
335 333
348 316
373 285
383 284
372 319
393 304
343 376
458 271
397 325
426 299
452 290
410 327
378 372
368 385
398 351
408 343
451 308
417 350
435 337
474 310
422 356
418 368
525 297
385 425
493 320
488 341
445 380
558 342
500 365
470 402
534 357
439 446
469 412
461 428
584 355
480 440
466 472
512 432
565 398
576 392
507 442
580 391
542 416
559 433
623 396
498 508
611 419
612 452
651 423
1010673316 1135611940
1
sift 178
9 9
18 17
17 21
20 23
25 27
36 19
26 28
45 30
42 37
48 35
63 34
50 39
54 44
62 40
53 47
55 48
51 50
64 43
83 45
77 51
72 52
74 56
88 49
80 55
94 54
87 62
85 65
91 67
92 68
119 73
106 91
130 77
114 83
112 90
139 87
117 107
128 105
135 98
132 104
126 111
158 84
144 99
145 102
142 114
147 113
143 122
150 117
151 118
169 110
127 145
149 129
163 127
170 134
166 135
185 131
173 139
186 133
202 123
175 140
194 136
216 143
208 147
200 155
201 158
231 153
223 159
292 149
247 162
230 186
217 205
238 189
250 191
243 198
254 187
267 181
288 174
264 194
273 190
303 176
259 203
322 173
279 202
313 182
301 201
276 210
282 211
283 214
286 222
291 221
306 215
304 233
289 248
336 212
333 226
324 236
335 235
293 277
363 231
319 263
315 266
312 269
340 253
342 249
339 256
353 244
364 252
372 247
379 239
309 295
374 260
334 294
392 258
397 259
414 251
407 255
373 276
378 280
343 321
380 296
367 334
383 303
408 289
415 285
332 413
409 306
624 237
398 347
410 336
448 318
451 317
426 342
375 404
445 343
471 312
412 375
474 335
547 290
435 368
466 348
480 337
421 381
458 377
518 357
539 360
493 386
464 409
521 378
580 351
450 446
526 401
528 402
484 445
439 496
534 400
620 369
513 430
446 508
488 468
536 427
597 392
576 405
469 499
565 431
500 485
551 457
489 509
598 451
503 527
622 450
605 465
651 429
577 494
629 480
582 526
618 502
611 516
657 497
660 503
1010673316 1164201001
1
sift 110
18 20
20 19
23 21
26 22
32 30
35 37
45 31
48 49
50 58
55 90
86 59
62 87
72 94
80 88
87 83
99 74
88 99
66 149
112 92
103 123
96 168
130 147
131 151
169 131
140 162
145 157
126 179
147 163
132 195
227 133
185 170
175 178
150 213
166 216
205 188
173 225
347 140
201 247
244 210
238 219
276 203
254 233
250 267
223 301
259 261
286 259
291 263
233 335
264 308
297 304
269 326
333 293
312 318
319 312
376 309
288 429
378 320
353 337
342 363
322 396
321 401
374 334
336 446
343 454
372 441
363 467
366 460
380 433
360 483
418 424
412 457
582 351
466 432
373 594
564 389
552 440
496 490
427 573
554 450
542 465
407 651
445 602
560 487
415 713
500 554
422 715
450 687
597 499
565 530
508 590
567 537
516 599
654 485
551 576
480 674
529 598
557 611
610 559
562 607
514 673
632 538
559 628
526 680
537 675
488 764
573 691
539 749
612 668
647 681
622 748
1010673316 1350020634
1
sift 65
26 27
45 36
50 76
86 69
77 96
62 152
99 91
88 128
94 117
81 142
112 104
103 164
183 156
169 171
130 239
138 278
175 226
132 303
185 242
173 323
186 410
250 314
276 322
303 304
287 328
255 380
304 355
316 343
312 347
333 372
335 411
267 512
360 423
319 486
353 449
374 463
412 458
377 530
366 568
451 465
380 594
363 752
392 787
466 610
416 795
654 497
542 617
450 789
554 625
620 565
516 706
498 764
625 613
501 779
552 725
559 742
573 775
551 831
610 759
618 748
539 911
557 898
574 887
647 915
665 880
1010673316 1551686868
1
sift 76
23 26
48 60
50 68
86 64
183 43
62 114
99 81
88 102
81 123
87 120
112 94
115 145
169 141
145 154
130 195
147 194
151 217
175 230
185 224
173 270
186 298
201 273
244 255
254 266
216 302
250 290
303 267
276 280
287 285
223 366
259 308
255 342
264 345
304 305
333 303
312 328
232 512
353 393
309 537
360 415
374 404
412 374
376 413
342 490
336 548
322 653
377 502
366 539
436 482
363 659
564 398
466 472
427 565
408 631
392 710
554 476
542 506
496 591
597 535
559 600
565 599
620 564
561 620
562 621
625 575
573 643
495 759
551 690
516 749
557 728
610 656
514 789
612 742
576 828
594 827
618 802
1010673316 1574326558
1
sift 324
71 81
4 1
6 3
187 147
7 6
9 7
172 227
12 9
11 10
18 11
17 12
20 14
21 15
23 17
25 18
26 19
27 20
28 22
29 23
32 24
31 25
33 26
60 21
34 28
35 29
38 30
36 36
39 33
45 32
42 34
44 38
47 39
48 40
49 43
51 41
50 45
53 44
55 50
54 51
62 53
61 55
68 54
58 66
66 61
69 58
64 70
74 57
72 64
77 68
70 77
76 75
65 87
82 65
80 71
89 67
84 72
86 74
90 73
88 76
81 80
87 86
92 78
91 82
94 85
83 90
98 91
99 88
93 104
101 97
103 99
106 100
104 101
108 98
113 103
112 110
116 114
115 115
134 106
137 105
117 120
118 119
127 112
119 126
129 124
130 125
126 130
128 128
143 121
131 133
142 123
138 129
132 135
139 131
179 107
168 122
135 152
147 140
146 143
145 146
136 162
144 154
150 142
141 167
149 151
156 149
151 158
154 163
152 171
166 157
174 148
169 164
159 172
155 180
167 170
158 176
175 161
163 178
183 159
188 153
173 175
160 188
195 156
176 186
207 155
185 181
197 168
192 174
210 166
204 184
190 197
186 201
184 207
200 191
208 193
214 189
201 199
191 208
217 192
202 203
216 204
226 196
218 210
224 206
227 205
246 200
223 214
203 249
241 215
234 220
285 194
233 229
238 239
243 235
247 232
270 212
254 225
215 282
251 230
231 261
250 245
278 221
255 244
257 250
263 248
264 252
267 254
253 279
279 259
276 264
288 263
274 272
271 278
284 270
286 275
293 271
304 268
302 274
273 299
375 223
306 288
307 284
308 289
229 389
300 298
313 293
310 295
553 190
328 286
333 281
352 256
296 321
327 297
309 306
322 300
315 315
316 323
269 378
334 308
268 383
335 309
319 330
336 316
321 333
351 312
349 313
324 347
362 318
382 304
353 332
339 357
343 350
378 334
345 364
364 369
437 311
383 349
356 386
361 380
374 361
394 337
381 353
391 342
400 338
372 373
393 344
389 362
346 429
379 392
408 363
406 372
392 391
405 382
439 355
416 381
426 370
410 395
376 449
368 461
404 412
387 445
531 335
432 409
409 439
429 410
414 432
411 440
452 407
496 377
445 421
448 420
453 413
441 437
451 423
470 415
417 481
461 442
430 468
420 478
503 418
506 419
477 444
471 454
498 424
458 464
395 571
515 428
465 486
421 539
533 446
434 550
399 630
474 500
500 475
508 469
562 448
499 484
436 585
463 546
578 460
555 480
466 576
561 482
488 549
513 536
493 561
539 519
596 473
567 503
570 501
522 542
552 522
565 514
576 508
590 497
584 502
526 545
482 610
559 543
618 495
554 553
610 507
580 540
621 530
516 643
536 631
623 555
660 520
634 556
574 626
622 590
663 532
638 570
611 609
654 557
594 636
639 591
613 635
625 622
635 617
640 614
629 640
657 623
632 650
656 642
1010673316 1798871232
1
sift 98
9 13
18 25
20 23
23 26
26 29
45 37
35 43
48 61
50 66
84 57
86 68
62 101
109 59
80 96
72 105
99 88
88 102
87 108
94 98
103 126
169 137
130 160
145 158
140 174
132 210
147 188
175 187
150 229
185 185
166 237
201 258
238 242
244 251
208 283
254 247
216 285
276 234
303 235
250 274
259 280
287 272
304 282
264 315
291 302
267 344
316 312
312 324
333 305
321 316
335 309
319 357
345 349
353 354
378 343
374 356
336 444
343 423
407 389
412 386
380 446
362 492
372 478
436 396
451 393
377 486
373 574
520 407
469 449
466 455
392 567
542 414
450 548
551 465
554 464
552 477
496 536
415 679
472 580
622 454
508 551
565 516
421 705
625 484
573 526
544 555
462 702
655 501
557 596
546 623
539 632
610 559
516 691
559 652
562 682
576 714
618 689
636 668
665 742
