1078683094 1178269393
1
sift 236
311 331
17 19
173 173
374 519
22 28
315 346
25 30
412 363
710 823
28 42
680 748
36 52
455 432
826 918
41 50
48 56
1025 685
862 904
54 68
56 79
1079 786
888 914
70 103
75 102
957 842
910 925
82 124
85 115
1066 982
921 1013
84 129
87 133
1419 968
899 1125
95 125
78 157
1170 1231
940 1249
102 128
107 146
1287 1596
1000 1179
103 155
96 174
1251 1243
110 162
122 152
1282 1234
132 147
108 193
1272 1413
119 187
125 222
1363 1358
126 226
157 178
1426 1322
165 183
131 229
1326 1673
138 215
162 205
1459 1594
163 216
166 223
153 251
135 319
190 224
150 289
155 277
164 265
200 237
226 234
189 318
207 298
204 316
197 336
216 321
243 300
245 314
266 304
238 353
247 343
277 320
251 357
265 355
297 347
280 374
234 464
259 411
282 384
262 424
281 415
261 469
308 416
331 377
306 426
326 402
325 406
252 585
294 487
316 446
358 405
301 532
324 478
321 509
377 435
293 672
357 506
360 511
334 566
359 531
361 536
408 502
411 537
352 646
340 689
369 615
417 618
549 497
370 723
565 508
470 602
472 601
506 592
501 628
385 821
630 521
564 608
427 803
530 692
544 700
508 744
607 638
570 708
474 827
467 834
600 717
522 846
491 912
618 754
629 760
818 612
555 910
556 907
552 967
669 774
619 829
628 822
643 806
627 860
572 986
649 857
543 1154
770 780
795 793
847 773
663 927
727 861
612 1056
725 898
807 830
968 725
684 1023
696 1004
871 814
645 1109
650 1104
829 878
735 997
732 1003
824 930
768 999
812 1018
875 952
654 1257
739 1158
788 1106
1021 856
821 1095
706 1282
809 1145
726 1289
987 1001
919 1080
886 1130
1009 1035
1112 977
780 1408
779 1487
971 1170
1167 1025
925 1286
1171 1067
877 1426
1223 1049
1038 1217
900 1467
907 1471
1196 1137
938 1465
927 1555
1180 1196
950 1562
1218 1183
1200 1213
941 1633
1107 1383
1256 1232
969 1615
1135 1391
1027 1565
1014 1593
998 1639
1354 1236
1203 1415
1491 1165
1191 1439
1448 1216
1262 1395
1323 1349
1346 1387
1131 1636
1194 1540
1172 1612
1418 1364
1057 1711
1429 1392
1183 1658
1342 1619
1425 1520
1237 1703
1385 1628
1204 1712
1402 1696
1375 1706
1078683094 1499149563
1
sift 239
11 15
169 115
17 17
22 21
218 221
25 25
28 27
1116 532
38 20
40 40
1085 1024
41 44
61 37
56 50
66 60
70 85
75 78
68 110
78 84
77 96
109 64
79 90
94 89
87 100
101 94
83 112
113 81
114 82
96 103
126 99
107 121
135 95
122 162
143 156
159 142
132 165
165 143
164 158
166 168
155 173
181 167
140 216
176 174
189 171
185 179
160 208
196 195
190 204
204 190
207 199
216 225
234 229
252 219
295 205
339 183
301 214
293 223
259 249
262 248
275 243
235 281
265 250
355 215
153 786
348 231
294 265
278 282
285 301
281 304
282 311
277 336
320 303
342 276
350 280
327 299
324 307
334 294
352 285
365 275
338 340
503 268
430 291
360 341
411 327
509 290
477 318
561 284
436 335
475 329
575 297
547 312
408 362
566 308
446 347
369 419
440 376
417 401
484 369
377 461
413 445
448 407
513 384
505 390
502 404
465 435
578 377
601 371
543 415
595 392
328 759
441 526
531 471
600 428
661 379
443 551
528 503
603 449
635 420
571 481
572 489
641 454
745 398
728 427
619 495
732 440
559 564
659 480
1039 360
645 524
738 475
606 569
878 423
555 666
662 567
629 609
703 560
607 687
643 655
770 557
727 584
657 648
889 510
650 661
855 546
708 646
877 542
876 559
805 603
706 678
564 955
826 612
762 645
763 649
701 728
765 689
969 562
1274 483
884 625
1021 554
725 762
847 683
788 750
1126 558
695 882
818 764
1122 572
795 801
925 697
1115 580
968 654
888 751
923 733
987 674
748 895
809 837
881 771
820 836
980 707
783 900
736 979
839 852
758 956
1263 606
1196 628
913 809
972 761
862 883
963 800
992 784
871 920
1083 746
784 1082
1067 776
899 959
937 916
1282 694
1010 862
1107 808
1088 823
1131 806
1014 907
1158 802
929 1039
1111 866
1237 811
1020 1012
1154 877
1166 889
998 1059
1422 760
1044 1018
1069 1008
1095 981
1022 1055
1153 918
996 1107
1009 1103
1127 990
1052 1149
1378 880
1475 820
1065 1162
1339 945
1177 1086
1385 943
1225 1050
1183 1117
1190 1121
1401 988
1391 1023
1453 972
1288 1139
1247 1166
1414 1067
1433 1065
1420 1094
1490 1033
1452 1089
1496 1038
1078683094 1765857571
1
sift 102
32 26
36 38
41 63
55 58
85 84
56 111
69 99
84 115
79 112
107 131
110 157
132 132
200 207
226 218
189 342
207 288
275 225
204 303
235 306
325 393
153 804
245 308
439 448
277 271
251 313
460 493
243 340
285 291
462 494
265 319
238 386
472 519
308 349
259 413
544 710
316 440
732 250
702 609
324 528
408 441
710 928
359 560
513 419
735 900
334 737
369 640
826 969
413 600
374 752
812 1002
519 504
411 765
910 955
530 602
506 641
921 1102
570 571
417 954
919 1193
352 1605
596 736
886 1472
618 697
627 843
1077 1188
619 968
765 708
1000 1295
606 1048
628 1035
1282 1252
724 934
763 906
1459 1130
795 963
696 1100
1038 1609
621 1313
871 921
1225 1434
725 1157
971 840
1272 1399
1244 695
821 1162
1426 1383
739 1338
809 1415
1326 1665
1223 923
969 1141
1392 1600
1091 1144
875 1541
1004 1375
899 1670
898 1684
938 1696
1187 1555
1448 1268
1171 1630
1360 1428
1078683094 1835742160
1
sift 69
211 263
1082 902
6 8
235 224
25 21
289 225
57 44
310 269
94 73
400 371
113 61
404 387
126 74
466 369
114 80
483 437
186 142
955 812
227 141
1036 864
293 143
1151 942
176 201
160 218
207 194
163 250
262 176
295 182
259 196
265 209
339 202
294 229
413 208
277 406
369 321
732 237
551 284
470 327
360 438
884 353
779 381
619 478
727 458
531 607
758 446
927 425
913 459
762 544
969 507
1010 491
768 632
925 548
629 783
1052 523
858 682
1074 561
845 695
1065 631
1116 620
748 981
1422 569
869 973
871 1011
1431 688
998 1026
1009 1046
1194 990
1112 1151
1473 1071
1078683094 1895226176
1
sift 61
289 264
56 50
310 289
113 70
315 319
126 74
400 426
139 189
311 345
227 152
466 412
161 274
428 423
207 221
483 491
293 184
507 420
262 213
837 607
219 266
680 664
259 236
1266 589
237 281
777 923
413 263
955 852
285 340
1036 1000
292 333
283 380
1413 1001
551 271
334 367
635 349
732 323
455 455
600 404
469 460
447 533
779 428
1126 391
1294 368
531 601
727 499
927 476
559 684
969 511
716 619
801 660
858 672
889 661
1078 628
1190 653
1237 699
1015 844
932 935
1170 801
1194 980
1217 1062
1406 977
