1111497595 1135611940
1
sift 128
9 7
8 9
12 17
15 21
23 15
28 30
34 37
42 34
41 35
38 39
50 32
47 45
49 40
61 55
62 52
64 56
59 62
69 54
87 49
113 61
66 107
89 91
79 105
85 104
98 90
95 98
105 84
110 89
117 87
120 83
109 129
132 113
139 117
118 134
144 118
129 135
146 125
131 139
143 127
141 133
145 130
154 147
177 143
157 155
204 136
155 164
116 272
170 167
151 209
159 198
217 154
169 191
188 173
193 189
184 203
216 181
228 174
240 170
206 202
179 220
189 210
199 205
185 215
244 176
249 194
274 187
220 229
215 239
234 222
245 212
221 242
237 231
289 201
250 226
265 233
277 237
333 235
275 264
233 340
312 256
325 259
266 294
285 276
268 296
375 244
280 298
284 303
307 316
343 289
299 342
271 377
310 335
316 324
314 330
372 280
327 336
331 327
335 339
351 347
337 368
376 321
320 386
295 428
380 343
356 380
391 351
357 400
328 482
341 468
472 348
392 405
399 403
377 438
443 388
507 352
398 431
365 485
423 429
518 350
436 433
411 469
367 525
393 513
412 499
492 447
417 526
491 493
454 542
1111497595 1574326558
1
sift 111
12 11
15 12
32 29
28 32
34 34
38 45
41 40
49 53
65 44
64 57
62 64
61 71
59 86
69 85
89 100
99 98
98 110
79 128
85 135
107 108
112 106
121 115
117 131
109 151
132 140
129 157
139 142
131 175
144 158
143 178
161 165
141 201
154 193
157 191
177 204
167 221
159 235
199 192
169 245
184 250
193 239
182 270
189 264
241 219
185 288
174 313
205 260
216 254
188 300
228 263
217 290
249 252
234 275
250 281
259 272
265 268
303 249
278 267
237 319
245 316
246 315
215 392
333 309
284 349
251 412
304 344
280 375
299 370
312 357
258 455
275 414
319 373
290 407
372 334
298 408
343 363
327 395
271 464
376 350
308 423
335 411
313 462
378 399
334 457
446 355
310 500
380 421
402 415
350 481
365 475
320 561
355 502
385 461
379 466
341 549
316 605
399 471
392 508
398 514
508 424
391 540
364 612
433 543
456 544
443 569
436 583
419 609
474 562
472 576
480 573
502 620
