1124316966 1249130758
1
sift 96
108 107
64 55
89 65
60 71
62 69
669 626
58 76
116 73
71 104
69 74
88 81
113 85
149 128
82 111
115 139
153 129
135 153
112 198
156 163
212 179
158 174
171 175
154 205
247 265
207 304
187 217
224 218
452 417
272 239
185 309
222 331
515 558
335 347
282 282
246 316
649 671
307 384
341 256
199 436
594 709
340 421
248 366
369 280
549 778
342 476
274 350
333 318
691 1028
314 509
295 429
331 437
349 481
281 560
316 487
389 438
347 492
360 484
348 563
411 465
569 395
358 574
388 550
467 475
445 542
317 738
368 634
393 610
496 497
494 503
487 649
430 585
701 427
470 668
379 737
600 494
522 682
450 633
426 673
459 867
488 625
617 524
583 731
528 663
448 768
629 796
477 739
404 883
741 724
646 705
548 925
619 937
635 840
625 879
690 889
650 967
639 1048
1124316966 1350020634
1
sift 83
108 86
42 61
89 87
93 48
547 450
64 67
116 98
69 69
669 474
62 80
113 120
65 93
106 77
153 158
104 91
86 123
183 206
80 135
82 145
594 712
135 101
143 106
111 177
156 144
158 149
151 225
184 171
180 197
199 211
197 271
213 253
244 288
322 242
222 412
248 366
237 403
324 304
329 328
340 325
304 384
428 322
396 349
407 373
392 383
393 389
459 388
358 488
445 407
470 424
487 420
389 489
333 603
440 458
518 427
448 497
503 467
639 433
532 491
373 767
521 518
509 542
432 638
467 608
638 492
634 567
650 572
510 763
415 935
690 562
477 869
500 841
593 691
732 596
609 747
543 877
698 655
640 786
612 826
666 756
741 660
647 901
643 915
729 889
1124316966 1551686868
1
sift 58
669 629
64 62
62 69
69 64
65 91
89 74
106 76
104 81
116 84
113 99
143 90
156 128
153 131
184 141
151 213
180 181
183 186
199 169
193 201
222 293
322 224
248 322
324 267
237 377
329 285
428 280
304 390
392 307
393 336
459 317
445 334
487 352
440 374
518 341
382 430
448 435
373 641
639 384
521 432
432 583
532 487
563 530
638 455
510 605
477 689
650 541
499 778
631 603
500 799
698 599
690 624
612 711
732 611
594 776
640 788
666 803
599 849
647 844
