1135611940 1164201001
1
sift 65
17 20
28 22
30 31
35 49
39 58
55 88
49 99
62 83
81 127
77 147
110 131
92 153
86 162
102 157
113 163
103 194
131 170
117 213
140 178
135 216
118 274
139 225
200 180
199 210
188 220
210 203
191 267
154 360
203 261
237 246
222 259
194 308
221 263
226 293
174 429
208 396
244 337
269 318
249 363
260 334
212 446
280 320
229 415
231 467
247 441
291 404
296 433
378 380
321 454
334 459
276 594
375 457
341 573
285 713
392 499
337 674
431 530
360 749
404 626
401 680
485 554
446 687
487 637
468 764
500 710
1135611940 1574326558
1
sift 162
17 11
21 12
25 20
28 19
19 36
30 32
37 34
35 40
39 45
50 41
40 53
48 50
43 70
52 64
56 57
51 68
49 76
55 71
54 85
62 86
67 82
68 78
91 100
77 125
82 115
90 110
86 132
107 120
105 128
103 134
114 123
111 130
102 146
98 152
99 154
112 139
89 180
113 140
145 112
117 142
110 164
118 158
129 151
135 157
127 178
140 161
131 181
139 175
123 203
120 211
133 201
143 204
147 193
155 191
158 199
159 214
170 218
205 192
161 233
153 261
184 223
154 290
187 225
188 238
185 242
198 235
181 254
191 245
174 263
194 252
182 293
203 250
202 259
190 299
210 264
215 288
224 272
208 300
222 275
226 281
233 268
212 316
235 309
231 319
277 271
217 364
244 332
236 347
265 314
263 330
247 373
252 369
239 392
256 357
295 306
294 308
260 361
280 334
258 391
281 344
264 414
289 363
303 349
321 350
298 375
397 327
341 371
336 395
365 376
318 420
317 423
339 411
306 439
343 421
312 454
296 470
370 415
301 482
373 410
404 379
385 403
364 438
278 621
496 355
377 464
360 519
351 540
324 605
348 576
403 471
439 449
399 491
381 539
405 508
527 418
386 561
395 551
388 569
369 613
431 514
401 545
410 535
409 547
359 648
487 467
485 475
421 565
484 504
481 528
502 495
505 492
468 549
433 583
450 590
422 636
503 520
427 631
495 558
480 640
516 609
497 623
508 627
1135611940 1798871232
1
sift 67
17 25
23 23
28 29
30 37
35 61
39 66
55 96
54 98
62 108
90 107
77 160
102 158
86 174
103 209
113 188
112 217
131 185
117 229
140 187
135 237
139 244
143 285
147 283
176 235
189 242
199 251
210 234
191 274
203 280
154 388
194 315
223 272
181 344
221 302
226 305
235 309
264 308
244 354
260 356
212 444
237 417
280 343
255 389
232 492
247 478
316 392
291 429
296 446
321 423
258 567
375 386
378 394
348 455
299 576
385 476
360 632
431 516
499 449
369 660
495 501
446 548
381 705
487 539
405 714
473 642
502 689
504 703
