1164201001 1350020634
1
sift 277
4 2
61 87
7 12
5 14
68 98
17 20
20 26
84 120
21 25
22 27
130 206
25 30
31 36
172 245
34 42
30 46
549 723
35 49
36 64
575 736
46 53
43 58
536 903
33 94
44 65
686 712
47 60
55 62
737 906
49 68
64 67
59 69
51 78
48 83
58 76
60 86
54 96
72 79
67 88
74 91
97 92
81 122
89 112
91 118
112 102
83 143
99 128
93 137
96 136
87 152
110 123
111 124
114 129
138 109
106 142
109 144
108 160
113 167
118 168
123 164
131 171
156 146
187 135
120 204
126 201
139 184
134 211
144 196
155 181
196 157
152 188
167 176
143 215
136 224
157 200
146 217
184 174
173 189
230 156
162 218
205 178
209 173
147 239
158 232
171 220
178 226
154 265
170 242
204 214
150 281
176 243
149 305
179 258
218 221
186 275
198 269
200 273
215 272
194 302
201 298
229 276
226 278
202 310
246 268
203 322
233 291
222 316
213 338
225 323
236 336
321 261
197 425
247 335
266 313
256 327
257 326
258 328
240 365
217 408
239 397
261 359
303 317
307 343
310 341
275 386
281 389
293 372
318 347
365 315
338 332
352 334
284 427
317 382
332 367
323 376
238 567
308 405
300 428
331 398
296 450
357 384
351 394
301 461
410 371
337 449
464 361
334 463
447 375
497 356
306 527
437 379
330 476
344 479
353 474
445 403
483 423
404 470
380 507
386 517
457 458
425 482
438 471
415 498
326 733
339 672
451 491
441 516
478 490
400 580
421 540
418 546
384 637
442 524
484 496
371 673
359 720
430 554
409 581
429 564
488 511
433 594
466 558
460 568
432 610
525 513
493 545
501 543
475 591
370 848
481 588
450 625
535 528
465 617
482 601
395 792
446 662
533 551
584 529
402 828
560 553
582 534
594 531
440 725
527 599
408 810
496 640
564 571
512 621
468 688
566 579
453 771
467 752
495 704
490 726
479 763
530 655
565 624
558 644
720 532
596 611
692 560
754 521
520 729
590 643
553 691
561 715
632 645
559 759
748 575
705 608
554 778
570 755
637 659
716 603
711 609
599 706
587 730
489 924
518 878
622 699
623 710
613 757
628 742
667 702
604 794
576 831
593 816
659 740
746 656
679 745
638 786
658 788
751 678
592 874
760 667
668 783
612 857
730 711
670 791
691 775
617 863
687 789
610 897
602 914
672 842
761 737
645 876
605 925
700 841
630 917
738 807
762 769
681 915
726 865
643 933
769 864
749 911
1164201001 1551686868
1
sift 336
5 4
17 17
20 25
21 26
23 29
25 31
24 37
34 34
35 42
36 52
38 48
43 47
46 46
65 40
47 53
63 43
49 60
53 58
57 56
48 63
55 59
51 66
54 65
59 64
64 62
58 68
61 74
60 78
67 73
72 70
70 76
68 84
71 80
86 67
74 81
82 75
66 101
76 97
89 95
84 99
92 94
97 92
91 104
90 113
87 114
116 85
83 120
99 102
93 116
96 115
119 93
135 86
112 111
114 108
111 112
106 123
109 128
138 107
108 138
121 124
113 134
122 130
123 139
120 151
131 141
125 160
139 144
156 136
183 121
143 146
144 150
134 169
130 186
150 164
157 154
155 158
187 140
146 180
129 215
152 175
165 165
175 155
147 195
168 173
158 191
196 152
154 200
167 182
162 189
184 162
160 201
163 194
171 190
209 157
172 206
214 161
230 153
173 214
170 224
176 221
193 202
186 210
177 222
204 196
178 230
179 231
207 193
229 197
198 245
191 257
200 243
188 260
235 216
215 232
201 250
248 211
232 235
202 259
264 205
210 255
197 281
203 280
226 252
222 262
223 272
213 282
225 270
233 266
217 277
246 268
247 273
240 292
228 301
256 289
258 285
270 284
280 279
266 291
239 323
403 229
236 344
261 308
269 310
321 283
293 303
281 336
295 322
284 341
275 364
300 325
365 294
297 343
251 407
289 363
323 315
318 328
317 335
308 345
304 351
301 366
313 359
296 380
238 555
352 333
306 387
336 354
324 370
349 346
341 365
332 372
260 550
351 371
337 393
374 373
368 381
357 390
334 404
338 403
405 367
330 451
410 368
361 422
389 398
377 414
380 411
375 421
386 423
445 377
371 440
457 374
562 331
363 490
344 522
384 447
397 441
425 417
400 449
515 378
409 445
404 462
359 576
566 369
413 467
483 415
418 470
353 629
432 472
424 491
438 477
458 456
484 436
429 508
450 476
437 505
358 673
491 438
451 487
441 500
464 478
493 442
482 461
466 497
370 672
594 396
478 484
465 506
395 609
488 488
446 548
497 485
460 539
480 518
411 593
514 483
507 495
396 653
415 598
569 433
582 430
463 563
563 454
408 646
494 538
504 525
499 535
456 582
402 719
471 587
683 416
501 560
533 517
538 520
584 489
551 532
468 618
490 591
479 605
447 675
537 552
467 659
625 496
475 657
565 557
487 648
564 558
519 594
495 644
550 569
608 527
560 571
527 597
530 599
517 641
573 565
496 669
434 781
577 567
558 608
531 650
559 656
561 654
622 592
469 823
628 600
595 642
607 621
593 647
549 705
528 739
587 664
720 561
674 586
518 775
544 737
576 690
641 625
688 595
659 620
636 655
520 817
617 697
592 724
609 708
658 670
637 685
610 727
747 603
599 749
633 720
613 760
535 843
670 713
677 712
639 752
612 786
575 829
668 742
685 734
638 788
630 801
662 777
614 830
667 778
748 707
778 615
686 776
673 789
678 811
700 799
648 837
746 765
751 782
716 826
726 822
762 774
635 856
1164201001 1574326558
1
sift 120
20 11
21 17
22 19
36 13
30 24
31 32
37 29
43 27
49 40
58 45
47 72
59 74
90 50
87 53
66 92
93 63
88 71
73 89
83 86
99 76
106 80
149 61
92 110
104 124
123 99
147 125
131 164
151 133
162 132
163 140
157 146
115 237
179 130
133 205
194 134
178 161
170 181
213 142
188 183
216 157
225 175
247 199
210 234
215 231
219 239
203 264
229 241
238 269
267 245
301 214
594 148
261 250
362 197
258 276
335 229
308 252
293 281
303 308
339 280
304 320
360 290
307 323
312 330
287 376
320 334
429 263
337 332
396 300
323 358
469 284
326 378
334 361
310 450
401 333
446 316
467 319
381 401
454 350
441 373
425 402
490 377
479 407
573 371
397 550
626 379
445 515
440 522
488 505
450 553
431 577
602 421
554 475
607 448
484 558
537 503
530 514
590 469
559 507
560 527
637 467
623 511
662 493
548 612
628 543
699 529
629 578
538 650
680 545
547 648
692 548
749 519
672 573
599 643
679 589
706 579
592 653
764 549
708 613
731 602
748 590
1164201001 1798871232
1
sift 387
4 4
5 6
7 7
8 9
9 13
10 14
12 11
14 18
16 20
17 21
19 23
20 25
21 26
22 29
24 32
25 36
31 37
34 38
35 41
37 43
40 45
41 46
38 48
36 58
42 47
43 50
44 52
45 56
47 57
63 54
49 61
65 55
57 59
48 64
53 62
51 63
55 65
54 67
58 66
59 68
60 71
64 72
61 77
72 74
68 85
70 82
62 91
82 78
79 80
66 97
73 87
75 84
84 94
88 96
90 99
87 101
83 108
91 100
92 107
93 106
96 104
99 102
78 119
116 103
112 110
101 123
119 109
106 115
108 116
114 112
109 118
113 122
121 120
135 113
122 124
120 128
123 126
118 140
130 129
140 121
131 137
128 139
138 130
125 145
137 132
139 142
136 148
129 154
134 155
143 150
156 138
145 151
144 153
167 134
146 157
147 160
152 159
157 158
155 161
158 163
150 172
151 169
183 149
154 170
165 166
174 164
162 174
171 175
163 188
173 176
172 179
170 185
187 167
169 189
168 193
181 183
178 187
184 182
182 186
177 195
196 184
179 206
191 196
192 198
176 225
209 180
214 173
194 209
204 202
207 194
180 235
197 221
200 222
201 228
188 249
203 234
202 240
245 203
226 218
231 213
235 212
213 229
230 216
215 231
198 269
216 237
210 251
219 242
223 236
234 233
225 244
222 248
212 260
217 254
229 245
233 247
228 253
224 261
270 220
221 265
241 250
279 226
227 270
247 258
237 263
248 256
240 266
239 276
264 259
236 289
258 272
256 279
266 275
261 280
269 277
286 271
271 287
274 286
251 317
275 293
252 330
287 291
281 298
288 296
295 292
280 320
284 319
293 305
260 353
303 304
347 278
307 312
308 315
321 303
301 325
316 313
313 322
246 417
296 334
318 324
306 333
328 321
304 336
355 310
320 343
477 268
312 357
323 347
297 402
379 327
364 332
333 355
352 346
337 354
369 331
401 316
368 339
331 363
339 360
376 340
300 424
356 359
330 377
365 365
361 380
375 366
407 345
359 385
360 388
373 378
386 375
353 413
371 395
389 371
391 367
403 364
380 394
392 384
395 387
515 342
362 479
400 416
397 418
410 401
326 534
372 457
429 390
405 415
409 405
445 391
399 435
457 386
404 429
370 506
424 421
402 453
458 406
338 569
418 436
411 442
461 408
358 549
489 399
426 439
465 414
453 422
474 411
448 433
433 446
432 455
446 444
406 509
438 466
450 464
440 477
441 478
464 458
466 460
501 430
470 470
494 450
482 468
469 485
467 493
491 471
488 496
484 501
415 563
471 515
478 511
496 495
468 521
495 497
528 456
518 489
562 447
479 529
507 504
533 475
497 517
537 480
526 499
490 536
550 487
517 518
500 532
576 465
504 530
560 488
530 516
555 507
520 537
558 522
623 474
481 637
487 625
578 513
600 502
547 546
557 545
587 524
519 600
559 559
582 538
755 443
686 491
527 607
538 592
748 454
561 577
549 590
590 551
594 574
637 539
583 595
613 572
602 578
759 494
584 618
575 628
548 657
589 615
610 597
593 609
531 687
625 583
687 548
633 581
641 586
658 598
670 587
661 603
639 621
617 649
571 699
672 601
664 608
622 645
711 573
628 652
599 691
607 682
700 619
612 683
724 594
635 669
619 697
774 544
761 571
648 672
760 576
638 685
645 686
657 693
746 634
749 632
708 660
713 679
730 684
719 698
715 704
751 665
776 630
727 710
705 730
762 694
744 726
1164201001 1979133402
1
sift 74
16 3
18 18
20 32
31 36
37 57
43 63
64 60
47 79
80 70
76 77
73 86
82 91
72 123
99 97
92 106
112 104
98 148
113 135
83 195
131 150
123 174
134 166
111 192
209 156
173 186
171 206
178 211
154 260
170 254
297 269
194 358
203 349
229 314
219 356
225 353
247 322
316 309
266 366
307 330
201 537
261 417
287 385
301 471
293 509
363 431
357 502
483 450
380 541
412 508
359 626
370 617
475 507
485 504
632 435
425 556
457 578
634 467
440 622
445 663
451 683
482 735
415 900
446 859
527 758
679 658
612 746
530 943
751 734
645 847
657 851
599 967
668 936
722 955
753 994
