1178269393 1499149563
1
sift 112
1125 959
50 44
79 50
1608 995
103 85
99 90
108 118
132 101
157 84
137 105
126 131
146 121
174 103
147 165
152 162
183 143
214 159
212 160
223 168
265 158
216 175
224 204
244 185
318 171
315 189
298 199
333 192
410 170
321 225
385 212
355 250
411 249
320 336
424 248
408 261
384 311
672 223
487 265
478 307
439 351
636 273
566 294
537 327
646 285
447 378
511 341
502 362
435 461
714 324
544 393
1134 263
341 1010
821 331
618 401
615 419
628 434
717 428
620 518
716 525
880 466
843 487
829 495
1003 440
638 687
780 557
1488 366
612 764
760 609
725 654
831 565
861 584
773 683
822 623
927 566
806 655
938 579
709 827
1109 524
836 677
967 614
910 666
793 801
960 684
1001 674
898 762
813 921
1426 542
1106 750
1615 562
977 865
1282 678
1286 697
1406 673
1150 830
1145 837
1680 604
1161 926
1035 1103
1383 808
1238 903
1155 1026
1394 930
1636 806
1324 1020
1703 811
1593 907
1483 1011
1628 943
1696 989
1639 1059
1658 1117
1648 1145
1178269393 1765857571
1
sift 231
122 86
398 315
19 13
172 135
68 56
30 31
184 144
510 277
34 42
310 197
115 84
37 46
389 255
399 383
47 52
422 305
118 89
58 44
390 385
430 468
42 67
456 370
129 115
50 63
586 425
526 474
55 54
734 436
162 157
83 78
703 549
519 752
88 88
778 526
237 207
79 111
816 714
823 928
141 77
883 947
234 218
99 112
964 964
925 955
131 125
1105 899
406 393
297 76
1187 1033
918 969
146 131
1298 1051
465 493
132 154
1270 1184
1120 793
147 132
1361 1138
513 454
137 145
1401 1147
1182 828
155 200
1172 1469
601 519
198 172
1475 1314
1111 930
189 184
1597 1579
670 755
157 363
1013 1102
212 228
700 710
216 231
1261 910
224 219
799 812
226 350
1185 1063
298 288
997 900
320 271
1358 1060
313 287
1018 1002
238 400
1179 1295
377 251
1080 1193
315 302
1234 1252
314 308
1305 1120
593 187
1419 1216
330 296
1130 1472
300 340
1594 1130
321 327
1322 1383
318 342
1125 1670
305 372
1338 1371
402 270
1413 1399
357 313
1217 1609
336 356
1507 1548
355 319
1675 1522
343 366
1673 1665
319 424
353 386
416 349
415 398
411 413
497 380
446 440
484 446
447 506
494 451
502 441
424 656
521 461
615 392
480 528
564 428
477 567
439 711
613 437
531 560
641 463
667 510
704 507
568 675
592 641
537 765
794 475
708 571
566 737
544 805
692 602
607 757
722 632
755 651
741 695
754 697
618 954
581 1054
683 844
782 829
760 902
791 868
718 1057
813 920
860 843
745 1083
1190 622
829 968
795 1040
1000 779
822 1035
847 1008
922 917
1032 803
843 1032
862 1041
960 948
1049 923
1170 840
898 1157
1147 931
1086 1001
1004 1100
1103 1026
1077 1058
1156 1010
890 1300
938 1364
953 1335
1008 1284
1095 1162
1163 1094
931 1471
977 1405
1007 1367
1083 1245
1439 956
952 1541
1315 1076
1269 1131
1059 1411
1090 1385
1344 1085
1238 1200
1158 1338
1109 1448
1145 1415
1216 1268
1339 1171
1114 1502
1067 1630
1505 1144
1320 1360
1467 1225
1363 1301
1615 1141
1214 1549
1530 1215
1223 1535
1331 1417
1161 1686
1523 1253
1474 1329
1297 1529
1430 1425
1438 1427
1325 1557
1232 1699
1601 1375
1372 1651
1367 1660
1466 1695
1515 1668
1429 1713
