118001120 326472230
1
sift 52
50 53
273 207
332 336
394 349
407 298
369 329
810 712
354 340
386 371
815 762
419 362
412 390
961 752
392 437
560 380
951 879
503 424
438 496
1053 958
494 489
417 588
1094 933
488 521
614 419
1162 920
693 414
553 515
1123 1242
593 554
561 596
727 514
539 722
695 581
792 528
817 508
582 688
590 709
562 806
741 663
769 673
713 730
679 999
1089 711
1061 737
1103 784
877 1094
1225 1014
1320 1074
1176 1260
1240 1271
1144 1367
1356 1132
118001120 570539746
1
sift 191
51 68
13 17
62 65
37 27
281 350
35 42
289 345
54 41
284 383
48 55
350 332
58 48
337 400
64 45
272 412
79 101
299 477
77 111
278 427
84 122
380 521
110 93
335 524
109 112
435 548
161 91
517 419
105 152
454 567
127 135
429 501
115 156
430 642
118 165
492 490
156 146
478 603
163 187
458 507
200 167
531 593
162 196
434 554
202 174
497 712
173 223
484 820
164 255
661 1052
189 240
732 676
199 232
760 925
206 284
722 722
208 285
761 1005
210 283
852 653
282 227
835 1027
227 305
749 826
310 260
815 1083
307 298
872 1062
257 358
1016 929
260 360
800 1243
242 394
905 1118
277 357
950 1190
306 346
959 1216
294 363
1126 1168
303 382
1048 1186
254 467
1116 1420
336 373
963 1290
295 424
955 1808
594 306
929 1503
301 448
1184 1491
315 489
977 1392
318 508
1324 1762
333 552
1081 1363
452 462
510 460
1021 1806
370 571
744 401
1288 1630
567 499
397 631
465 572
481 574
412 679
477 618
423 693
456 665
511 650
504 671
831 503
506 687
572 616
592 604
634 582
639 598
618 623
576 702
645 717
705 667
585 770
629 786
842 672
475 1145
911 644
793 735
544 1006
658 877
666 863
759 866
710 951
748 921
747 928
756 927
824 867
830 908
579 1317
839 961
957 837
880 969
891 970
736 1177
799 1154
922 1073
924 1090
938 1086
791 1282
1047 968
1087 939
767 1348
1054 1041
1049 1054
941 1183
1330 902
1072 1114
943 1277
1088 1127
989 1213
966 1252
986 1228
1265 1025
983 1245
1121 1142
1189 1115
1248 1078
1110 1176
1083 1219
1124 1231
969 1428
1075 1330
956 1502
1211 1238
1141 1323
1208 1269
1149 1369
972 1676
1046 1660
1180 1493
1326 1353
1127 1609
1235 1492
1204 1533
1207 1668
1255 1599
1322 1563
1284 1675
1281 1702
1279 1750
118001120 753120338
1
sift 69
212 116
115 147
510 350
122 176
394 469
138 179
196 215
761 817
183 226
257 261
782 809
320 233
336 252
951 1017
254 363
273 364
1116 1023
276 362
307 348
1162 1097
315 594
445 433
552 400
392 502
332 618
465 495
419 543
520 477
412 585
279 901
369 623
842 403
488 592
560 556
504 613
614 542
574 589
544 631
748 572
710 599
887 540
576 734
676 685
539 885
662 745
747 689
741 740
839 706
936 669
1002 663
976 699
783 883
840 831
952 838
824 1029
1124 806
1088 845
1136 935
941 1154
1370 792
907 1358
1099 1138
1065 1200
1049 1257
966 1396
1145 1210
1147 1216
1086 1464
1318 1436
118001120 762030273
1
sift 262
281 333
37 36
316 330
35 43
497 730
54 45
278 393
46 47
661 991
48 55
325 409
53 52
761 974
56 56
335 431
62 61
815 971
77 87
517 325
79 94
849 995
80 99
372 412
78 103
835 1045
76 105
474 466
84 101
872 1201
110 95
492 462
91 112
929 1167
109 102
458 521
89 123
1016 1101
161 82
434 726
99 124
1126 1260
105 132
482 717
95 149
1093 1370
115 128
852 661
118 130
1184 1534
156 126
605 980
158 135
166 156
766 1022
187 157
159 176
950 959
171 174
173 177
800 1259
162 192
164 212
1221 1082
189 199
222 180
955 1428
199 198
208 210
1324 1819
188 244
193 235
203 229
210 239
186 296
279 204
225 270
351 190
282 225
207 384
218 353
242 286
310 251
257 287
237 360
260 289
277 276
254 346
269 309
306 303
294 322
262 386
287 332
298 343
295 357
350 294
297 387
301 394
303 403
342 336
276 426
387 321
336 380
315 427
324 439
378 410
373 422
384 448
594 368
365 500
446 450
399 499
452 468
441 485
450 479
465 501
449 508
397 595
579 451
510 510
513 522
416 658
490 610
477 627
552 557
506 616
417 721
558 569
596 542
504 643
572 605
511 697
591 602
501 710
606 593
556 652
639 587
618 608
616 617
456 803
645 632
711 598
634 650
547 757
561 747
772 591
585 731
732 630
627 724
576 785
559 829
724 692
629 751
706 705
705 714
887 606
842 637
793 667
620 787
617 807
580 861
828 678
759 728
508 1085
831 700
722 774
712 786
726 773
715 800
651 909
748 810
710 879
695 910
562 1157
869 764
979 677
747 870
582 1150
829 847
956 737
841 863
837 873
830 902
753 985
720 1068
791 964
939 826
911 891
755 1106
736 1138
799 1064
916 920
741 1148
778 1120
891 966
696 1248
767 1154
885 1046
922 976
970 917
839 1137
1054 866
762 1284
813 1212
1330 763
966 1009
952 1041
941 1075
907 1124
871 1198
938 1115
898 1174
906 1163
999 1028
1032 999
1047 1019
853 1308
1083 987
947 1162
1088 992
981 1122
868 1342
1101 1044
821 1476
943 1261
1370 843
937 1330
986 1243
1121 1113
924 1410
1141 1131
982 1298
1189 1108
983 1320
1102 1186
1042 1256
1041 1288
984 1364
987 1368
1110 1237
1270 1130
1277 1164
884 1787
1124 1299
1099 1355
1046 1479
1319 1192
980 1664
1211 1363
1265 1325
1133 1540
1235 1425
1062 1675
1015 1790
1255 1449
1207 1541
1229 1601
1326 1557
1251 1673
1137 1822
1284 1717
1286 1765
1310 1756
118001120 854684009
1
sift 51
145 123
56 53
138 134
183 258
257 200
336 173
276 248
254 283
510 226
332 343
369 362
419 340
379 390
399 404
495 350
465 375
488 428
520 409
544 407
504 455
496 486
680 419
561 545
748 477
539 628
576 581
562 641
747 510
808 497
839 507
695 622
1002 480
705 677
733 711
713 747
847 626
952 627
907 763
1088 621
1169 688
1001 863
724 1237
1099 827
941 1027
1037 1014
1057 1029
1131 997
966 1196
1054 1175
1240 1020
1331 1022
118001120 1078683094
1
sift 59
31 36
817 239
50 55
74 85
407 458
96 84
184 200
419 446
213 275
284 251
445 437
337 238
380 316
516 461
394 440
531 359
541 476
430 460
454 462
560 484
478 472
497 530
389 688
551 544
499 702
481 630
548 609
661 627
666 570
614 611
782 710
769 792
761 826
835 812
1028 1068
849 824
932 735
1073 1146
815 888
1016 696
1301 1229
810 910
963 821
905 893
929 875
959 921
1021 886
940 974
1048 919
977 1033
961 1077
1224 1038
1116 1251
1222 1180
1162 1282
1081 1375
1184 1272
1126 1363
1123 1459
118001120 1178269393
1
sift 152
31 52
13 19
372 399
37 30
74 115
56 50
278 510
48 55
75 118
64 42
429 407
79 88
96 129
110 79
517 398
84 108
139 162
109 99
492 430
127 131
184 237
115 146
458 526
118 147
235 234
65 297
852 519
156 133
284 357
163 171
782 823
173 198
337 353
196 212
761 918
208 216
380 446
210 224
815 914
242 320
430 465
257 298
810 925
307 300
435 514
594 214
800 1182
254 355
531 531
306 314
959 1013
294 330
478 601
277 343
951 1185
336 318
497 692
387 321
1053 1120
272 486
551 700
315 449
1116 1243
333 497
638 662
510 411
1162 1234
446 435
728 670
465 502
1126 1358
366 615
661 860
481 521
1093 1419
370 651
760 799
567 477
1184 1413
552 545
849 930
474 612
1123 1594
477 613
835 1018
456 718
616 562
929 952
579 593
506 704
932 997
645 568
634 610
1016 1004
662 638
705 620
963 1095
842 566
748 618
1048 1080
666 708
831 608
1021 1130
629 747
793 699
1222 1196
544 996
722 791
1120 1305
887 726
710 847
1224 1217
839 829
922 843
1081 1706
829 1000
891 954
724 1183
1047 831
938 970
1088 822
941 1035
868 1147
658 1515
1121 878
1083 899
821 1215
966 1050
983 1039
1087 977
943 1178
1133 1007
986 1140
1265 949
1046 1114
982 1192
1099 1150
924 1438
1141 1170
1061 1247
1310 1084
1330 1086
1211 1204
984 1523
969 1557
1354 1163
1326 1216
1370 1142
1204 1363
1255 1430
1248 1439
1264 1666
118001120 1499149563
1
sift 58
212 194
56 44
43 97
761 612
115 121
122 153
1162 694
196 160
257 199
1094 795
336 171
254 250
1130 878
276 251
242 336
1291 1028
332 259
510 249
369 315
445 334
419 347
412 373
465 362
392 416
842 294
560 369
503 395
488 431
446 461
504 445
594 384
520 477
496 496
528 504
544 505
748 401
561 498
562 515
727 454
576 569
705 518
695 550
839 495
922 487
952 503
662 687
956 562
1047 565
907 680
1088 623
1124 629
824 895
1292 727
1238 752
1049 848
1099 830
941 1103
1103 1017
118001120 1765857571
1
sift 451
85 94
8 12
4 6
23 26
6 9
31 38
9 14
51 56
13 13
41 48
18 22
50 58
19 25
74 84
30 30
75 89
28 37
96 115
40 29
137 151
37 31
120 136
35 41
139 157
44 51
184 207
54 46
213 225
46 57
235 218
48 54
289 238
53 53
281 310
56 63
299 334
52 75
284 313
62 64
410 388
57 71
337 386
69 59
394 447
64 67
380 440
73 69
435 453
65 76
430 493
67 82
454 494
68 83
478 519
70 90
499 609
72 97
497 602
79 88
551 710
81 85
531 560
77 96
728 755
78 99
661 843
132 68
669 842
82 100
653 871
80 104
760 812
84 103
757 816
88 101
782 928
91 107
761 969
89 109
810 955
109 112
825 929
110 111
835 1002
99 126
931 901
107 130
785 1089
161 93
1053 793
115 131
951 1063
93 155
959 1102
118 132
961 1188
127 125
963 1162
122 139
1126 1060
130 133
1016 1100
142 128
1120 1120
123 145
1048 1193
128 150
1123 1130
138 156
929 1541
151 148
1093 1216
156 153
1022 1316
165 149
1162 1252
150 167
1021 1472
158 158
1226 1318
146 173
1139 1458
166 165
1184 1399
159 171
1116 1665
173 172
1224 1609
192 170
1291 1697
164 189
193 177
185 187
155 221
162 216
189 193
205 185
200 190
183 209
188 211
202 200
199 208
203 210
222 199
204 212
196 228
198 229
214 214
207 222
210 219
208 231
211 242
220 241
225 240
218 269
250 233
232 276
262 237
227 285
242 271
279 245
249 273
260 262
247 278
274 253
234 348
257 288
278 277
254 319
270 293
265 302
316 263
294 296
276 324
287 322
306 308
285 325
342 274
295 320
307 340
277 366
282 363
479 258
365 289
350 306
328 343
315 365
336 342
297 381
324 377
387 327
333 380
367 367
332 406
517 315
372 383
460 351
292 541
817 261
366 392
352 398
357 397
373 414
368 421
369 458
379 482
434 427
452 423
412 469
417 465
636 360
441 442
397 510
399 509
510 413
465 441
419 490
477 437
401 547
449 477
458 474
481 461
433 518
403 569
492 468
447 511
537 434
416 592
501 486
633 394
443 555
594 419
470 539
506 507
518 499
415 648
484 565
555 489
511 568
504 600
520 576
572 504
488 619
618 476
567 567
544 605
596 528
581 558
547 610
772 429
606 529
402 880
592 586
556 615
787 446
472 743
519 673
558 625
530 659
682 503
771 464
573 611
685 522
507 713
625 578
639 574
635 580
616 601
561 663
521 739
666 571
585 649
614 618
759 520
912 438
634 636
502 841
627 667
743 606
515 905
552 804
646 671
645 675
456 1057
562 824
658 684
980 472
644 721
553 872
607 847
732 708
684 759
677 777
735 724
790 689
726 750
536 1076
407 1553
844 677
729 773
741 762
695 836
747 776
762 769
576 1048
539 1172
605 1019
779 781
712 858
620 998
842 737
764 814
722 868
970 631
831 756
852 752
740 864
674 977
766 852
829 779
778 849
801 821
920 703
800 828
847 782
756 902
755 906
786 867
730 958
748 954
710 1008
670 1052
736 995
781 944
915 771
767 1010
746 1029
869 885
818 972
839 968
868 931
715 1125
721 1118
846 990
789 1069
813 1058
637 1353
885 987
914 945
678 1277
865 1044
890 1031
966 922
1090 798
704 1370
922 1032
918 1038
853 1131
879 1104
949 1006
930 1045
841 1175
939 1054
1141 840
791 1275
1042 961
950 1074
953 1067
906 1154
827 1300
1110 942
874 1260
1119 975
1075 1004
956 1141
1072 1024
999 1107
1088 1035
891 1334
854 1421
1249 957
938 1270
976 1194
1010 1159
1024 1161
1219 1027
984 1253
942 1393
924 1427
957 1352
1105 1158
952 1386
1101 1168
907 1530
1166 1182
927 1622
1142 1234
1034 1398
1043 1396
1282 1142
1230 1185
1276 1164
1017 1475
1189 1236
1192 1233
1214 1224
974 1571
1158 1278
1354 1094
1065 1428
1086 1404
1097 1397
1284 1203
1133 1367
955 1672
1117 1395
1102 1416
1046 1502
987 1641
1204 1301
1359 1150
1049 1569
1085 1507
1062 1557
989 1689
1172 1432
1246 1341
1136 1504
1055 1621
1194 1431
1153 1497
1213 1423
1326 1268
1099 1584
1073 1642
1273 1402
1255 1425
1106 1644
1137 1635
1270 1467
1266 1537
1274 1544
1206 1623
1312 1500
1235 1627
1241 1631
1318 1573
1348 1539
1370 1476
1300 1691
1307 1717
