1249130758 1581090896
1
sift 464
65 68
14 14
0 0
25 26
37 42
6 4
73 86
60 65
10 7
71 80
76 84
17 19
87 75
79 83
16 20
85 99
81 92
24 22
107 117
104 103
27 24
129 133
112 120
28 29
179 134
122 124
29 28
163 160
125 125
31 27
265 258
128 131
33 30
342 323
156 141
32 33
360 350
153 155
35 34
417 370
174 166
34 36
451 390
189 169
40 39
478 458
212 199
42 48
572 402
258 177
44 54
477 499
255 206
52 51
558 594
227 245
49 56
626 556
239 238
51 58
647 571
248 249
72 43
610 590
252 256
58 60
614 641
302 211
57 67
676 622
266 266
63 71
699 674
269 265
66 66
779 671
293 286
69 76
778 722
304 302
84 69
674 839
316 282
74 81
709 894
347 294
88 73
847 784
345 348
77 90
864 813
426 303
82 87
804 986
384 374
90 78
946 840
378 455
91 95
932 911
497 373
98 97
848 1029
438 425
103 94
1044 864
574 381
93 109
913 995
470 423
99 107
922 990
528 392
108 101
1028 1026
514 409
109 102
1019 936
454 467
110 110
459 482
117 106
476 484
97 127
561 461
111 119
509 531
113 118
529 516
121 111
724 417
114 132
542 549
140 116
550 682
123 126
601 627
134 122
732 546
130 129
687 582
142 123
616 644
138 135
649 629
139 139
668 651
143 144
745 699
141 151
819 636
147 146
801 694
151 143
781 720
148 147
660 920
155 136
792 749
150 152
796 772
157 162
757 1009
172 150
867 877
170 153
840 882
161 165
888 887
176 173
897 921
183 179
961 913
180 183
936 956
182 181
967 932
178 192
994 908
199 171
977 952
190 180
1003 929
195 176
892 1078
185 185
1048 971
192 202
1067 1047
204 190
198 203
201 196
184 251
216 207
207 214
217 210
215 221
209 237
225 212
232 209
220 230
236 218
256 208
240 223
228 248
243 228
261 225
249 242
246 247
259 255
251 267
276 257
254 291
275 262
290 254
235 306
268 278
287 264
282 271
281 277
280 284
321 241
272 293
311 260
289 289
299 276
294 288
313 283
315 281
305 297
303 298
310 296
257 361
334 269
301 305
323 304
318 311
367 285
349 301
307 334
309 338
329 314
341 312
336 315
314 363
331 326
344 317
339 324
326 337
335 327
353 316
330 341
375 309
355 319
324 355
328 354
373 318
327 357
361 329
332 359
350 352
337 366
363 358
389 346
376 360
366 385
388 379
325 442
381 389
455 325
449 345
427 362
396 387
433 371
392 405
356 463
465 375
423 395
422 403
436 398
380 492
483 386
491 383
452 396
419 434
412 445
408 450
424 427
437 419
415 447
532 378
596 349
458 404
447 429
440 443
457 421
453 424
351 618
429 473
474 431
471 437
456 465
464 457
467 466
486 462
501 446
492 495
499 486
489 508
460 540
537 479
573 456
505 529
490 547
513 515
547 494
521 513
526 514
487 553
522 519
484 566
576 485
469 597
556 524
583 497
578 503
541 548
554 539
507 588
525 583
538 576
586 541
506 617
544 585
603 538
606 536
571 584
675 509
503 685
670 530
714 496
622 550
524 653
666 533
462 762
633 562
608 586
595 602
730 520
683 551
598 614
665 579
597 633
632 603
631 604
585 648
629 613
672 595
673 599
620 652
634 637
624 646
625 654
669 639
688 630
679 645
715 609
655 687
786 564
667 680
707 624
642 709
684 676
708 659
566 836
693 700
723 689
758 649
713 695
711 697
725 692
680 737
651 768
752 675
738 696
726 713
775 664
777 670
701 745
748 714
788 686
800 677
771 710
737 750
798 706
875 635
830 688
694 816
810 715
742 799
808 732
809 740
833 718
783 774
768 804
908 698
766 824
824 757
898 719
827 769
831 763
895 730
1018 669
1076 620
822 798
820 801
917 741
870 775
861 795
975 735
826 825
812 875
890 797
909 783
838 829
835 856
825 881
774 1004
837 871
869 830
963 788
984 787
839 898
842 897
881 866
862 900
886 886
940 844
972 822
989 817
935 868
925 884
916 916
874 970
906 958
995 869
1034 837
948 928
1006 880
1063 818
992 935
896 1021
1047 934
1001 978
943 1041
924 1067
1025 982
1060 960
1015 1011
965 1063
1039 1035
1083 901
1078 983
1073 1055
1249130758 1763636214
1
sift 257
65 60
25 30
6 8
71 74
10 14
24 17
73 75
60 44
33 27
76 79
49 56
34 42
265 253
81 78
52 45
128 103
104 101
58 47
342 296
61 183
44 70
112 138
114 147
77 67
417 394
120 125
82 76
153 153
175 141
91 90
572 398
163 146
101 93
174 149
189 188
117 87
478 446
202 176
110 102
171 232
201 181
111 107
477 458
212 185
113 115
255 180
195 231
145 106
627 484
248 208
130 144
239 214
217 227
151 142
558 569
205 246
141 186
304 298
215 267
199 140
647 502
227 276
182 179
347 372
266 277
190 173
615 615
252 373
204 168
384 330
254 308
177 201
676 599
377 406
240 190
421 420
316 289
232 198
706 595
574 334
256 196
438 418
329 314
261 212
779 591
481 469
290 206
476 551
330 337
287 222
784 665
542 494
315 213
601 547
323 358
221 294
848 631
697 483
280 248
687 562
345 346
295 233
778 734
677 544
222 355
664 576
424 507
282 297
847 728
616 612
268 306
610 623
437 538
344 266
699 1024
649 620
305 305
660 668
492 515
375 259
709 1018
745 644
361 284
828 587
429 594
404 272
1044 729
724 785
363 317
656 913
487 570
339 343
804 915
674 980
335 348
792 912
622 592
337 350
913 867
796 923
373 329
732 1164
554 675
364 340
957 850
888 881
332 389
961 842
633 603
388 345
998 836
867 972
389 352
922 946
550 819
467 333
863 1083
1003 921
395 408
936 1050
700 722
392 439
1028 1056
927 1043
446 390
967 1044
737 797
471 368
1022 1119
938 1131
453 402
985 1162
840 861
596 342
999 1159
447 445
835 963
475 434
482 443
789 1170
456 486
501 456
933 1075
457 508
419 685
1072 1163
544 519
547 516
530 536
525 550
659 447
578 505
469 619
507 586
541 585
490 666
679 511
707 498
606 574
513 724
506 756
597 648
673 621
688 654
823 565
693 674
726 649
797 593
684 690
690 689
788 627
715 706
713 709
752 667
748 669
830 604
809 635
680 779
711 740
1053 549
808 651
800 662
798 696
773 737
738 790
624 948
839 698
895 661
861 687
783 800
935 688
984 663
833 757
825 768
834 775
743 908
718 975
740 928
771 922
944 748
775 964
742 1078
831 906
995 803
955 834
862 939
842 1070
965 910
1043 864
876 1065
1066 875
974 1012
1021 957
1036 947
896 1168
947 1169
1083 956
1249130758 1835742160
1
sift 92
76 55
58 38
104 85
114 147
82 61
174 117
83 72
153 135
123 138
101 71
227 221
91 79
304 245
175 129
117 74
384 251
134 77
421 288
201 151
110 96
438 325
113 116
481 341
217 185
151 162
476 410
190 141
574 546
195 206
240 156
649 500
290 169
745 503
330 263
288 193
656 626
361 170
792 683
329 264
375 182
1004 741
403 212
967 866
538 330
305 284
927 853
471 222
900 1091
437 387
446 244
977 1160
389 283
1081 917
424 399
467 258
475 282
484 369
573 286
550 350
487 437
707 297
457 405
622 496
525 381
456 446
554 560
447 600
524 573
840 435
684 486
541 625
717 530
809 444
723 505
737 788
711 516
752 491
701 939
788 502
830 477
839 478
826 490
713 574
693 699
1009 493
984 548
862 827
1052 722
974 805
870 987
1021 837
995 903
1249130758 1895226176
1
sift 143
76 68
44 81
104 95
114 163
82 70
128 97
83 72
153 140
175 129
101 80
174 130
91 82
227 278
201 175
117 74
304 284
110 100
384 303
195 233
113 120
347 382
130 148
438 397
217 237
151 143
476 475
182 150
481 530
215 264
190 152
601 457
204 153
616 453
316 250
240 167
610 462
178 282
698 454
329 305
290 185
649 524
291 191
574 688
330 318
280 201
660 613
287 203
745 553
345 320
295 212
656 630
361 217
796 798
484 412
344 229
867 794
305 271
792 978
437 464
403 243
927 816
389 276
1004 799
492 426
363 293
967 875
338 309
936 946
424 502
388 304
938 1077
467 292
1067 1094
487 491
369 368
573 296
550 445
395 392
532 323
429 589
440 387
457 427
554 668
447 444
530 424
622 607
525 428
707 353
840 490
578 407
482 485
737 663
541 508
597 536
700 744
723 482
684 513
638 842
726 499
823 449
650 923
506 730
736 512
633 947
713 534
830 481
933 843
788 525
680 610
873 930
975 476
744 586
839 517
748 590
693 632
799 562
1011 494
984 507
752 627
861 547
822 577
816 587
715 677
711 681
834 569
908 571
944 596
683 883
833 683
882 665
940 633
740 896
1036 648
814 822
965 725
1043 721
1084 622
974 867
1021 863
870 1023
1025 902
1009 912
925 994
