1350020634 1551686868
1
sift 429
87 74
12 2
14 4
98 84
16 10
20 17
120 99
24 22
26 25
158 131
25 26
37 24
206 186
28 28
29 30
245 206
34 36
38 35
262 237
42 34
40 40
544 486
48 38
49 42
576 633
53 46
50 49
723 705
58 47
63 48
712 776
60 53
64 52
736 829
62 59
66 55
68 60
67 62
69 64
73 67
76 68
78 66
83 63
79 70
77 76
84 72
85 75
96 65
88 73
86 78
91 81
97 82
95 85
92 92
105 87
104 94
106 90
112 95
102 111
111 101
109 107
116 98
118 104
128 102
129 108
124 112
133 110
139 113
136 115
137 116
152 114
141 122
143 120
147 126
144 128
161 118
135 140
146 136
150 135
140 147
160 138
167 134
164 139
157 152
171 141
156 153
187 130
166 155
162 174
182 145
184 144
173 157
174 162
191 148
181 158
196 150
153 212
176 182
204 151
215 146
200 154
201 159
188 175
197 181
210 170
203 176
217 180
202 193
224 172
189 214
218 189
214 196
220 190
222 184
232 191
235 188
247 185
239 195
225 213
281 164
236 208
226 230
240 217
241 219
212 260
238 229
265 200
243 221
242 224
244 225
276 197
274 204
264 215
275 210
258 231
263 227
271 235
272 232
280 226
255 254
223 296
266 242
269 245
333 199
279 238
249 264
273 243
257 269
278 252
268 268
287 248
261 283
300 246
290 256
283 261
298 250
291 266
304 267
310 259
316 262
246 358
299 279
306 276
295 288
323 270
402 234
322 280
335 273
313 291
315 294
374 258
338 282
328 285
327 289
286 332
311 309
331 306
365 292
368 295
422 274
408 277
355 305
334 333
359 308
425 281
372 303
347 328
412 293
337 357
366 322
410 298
350 344
383 307
376 315
378 316
357 355
387 318
346 376
397 323
382 335
370 354
389 336
380 342
390 339
367 372
371 368
407 334
381 360
400 347
341 412
386 364
405 345
428 325
411 348
394 371
420 352
427 341
417 359
415 362
360 416
384 390
403 377
406 375
421 383
356 485
361 478
433 384
393 420
487 340
461 366
450 380
458 374
423 415
414 426
449 393
447 395
379 505
457 397
451 400
448 406
462 405
650 319
401 523
460 422
646 326
527 387
436 492
434 504
533 389
482 417
481 418
579 369
531 396
409 572
653 350
507 411
438 544
470 462
476 451
497 435
471 477
510 425
517 423
492 455
515 429
472 496
502 448
518 432
490 484
534 430
491 487
505 481
479 522
446 585
522 466
545 442
511 488
456 586
483 551
516 500
552 453
504 527
535 479
529 489
530 502
546 470
581 445
426 730
580 449
569 474
514 549
558 497
601 461
564 508
551 517
474 629
498 598
637 447
532 561
557 538
610 472
623 468
543 560
568 539
625 476
588 519
572 541
503 625
567 555
617 506
668 457
553 571
695 444
571 558
565 564
616 526
549 588
647 513
509 679
735 460
587 577
705 495
624 557
561 622
666 533
613 575
662 548
599 597
634 570
596 611
550 680
638 583
566 694
548 721
591 657
636 607
633 614
644 608
655 599
575 707
784 547
720 576
684 602
699 592
680 612
682 613
728 587
688 618
726 591
742 600
528 843
670 660
619 729
704 644
659 685
717 638
714 643
763 605
740 620
672 684
762 617
715 654
891 554
768 627
792 609
767 641
639 755
730 664
752 659
759 656
722 693
902 569
603 826
656 765
904 573
781 658
810 646
816 647
788 670
894 590
708 733
706 749
678 782
795 695
823 678
787 710
791 713
848 672
831 690
757 760
783 742
694 815
758 768
826 711
828 719
731 795
862 696
733 798
869 689
798 757
769 774
813 745
729 817
873 701
809 756
756 803
884 702
786 788
874 724
770 820
804 787
802 797
897 727
838 796
857 786
841 799
878 775
875 794
868 800
833 832
881 807
865 822
835 840
920 791
917 801
885 835
936 766
845 850
901 844
1350020634 1574326558
1
sift 68
25 17
27 19
34 30
36 32
76 45
69 74
91 88
152 53
128 76
117 85
143 86
104 110
164 99
182 115
156 159
171 164
239 125
226 161
278 129
210 205
302 134
242 181
323 175
276 241
335 199
314 245
322 264
328 276
317 308
355 268
372 281
343 323
512 254
440 309
449 332
486 330
463 361
482 402
516 373
465 423
752 319
584 403
772 350
505 536
522 515
496 558
795 381
787 391
553 527
643 469
764 424
659 467
655 514
740 482
610 576
779 477
748 495
759 507
725 522
742 543
745 589
885 521
911 519
706 643
842 573
806 629
874 653
940 586
1350020634 1798871232
1
sift 320
21 19
2 4
12 7
87 77
20 21
26 25
98 85
25 26
27 29
120 94
29 35
36 37
158 117
42 38
49 41
206 129
53 53
58 50
195 144
50 69
65 52
245 179
60 57
64 58
216 238
62 65
68 61
262 223
67 72
69 68
544 498
78 63
76 66
712 491
83 64
79 74
723 590
86 71
73 86
736 628
77 82
85 78
96 67
97 83
91 88
95 103
111 97
112 95
104 107
102 110
117 98
118 100
128 102
136 104
137 106
129 112
109 130
152 101
143 108
110 149
141 114
144 118
160 116
167 122
146 138
164 126
135 167
168 140
171 137
176 134
187 124
204 128
184 142
151 173
166 165
190 143
157 184
185 152
201 146
196 153
181 161
173 180
156 216
188 159
174 182
215 150
200 158
210 156
224 148
217 157
189 176
197 177
202 194
218 174
232 163
220 175
239 160
214 202
264 154
226 187
242 185
265 170
212 249
238 214
281 172
236 219
258 206
243 225
259 233
278 218
273 222
272 231
307 207
302 209
276 245
298 228
269 269
291 247
304 235
310 240
322 234
338 229
257 310
261 303
323 244
283 278
288 273
335 258
313 275
425 221
328 272
383 239
327 279
365 266
317 304
355 282
337 311
311 332
350 299
397 276
343 312
366 292
347 324
372 305
334 346
386 293
389 298
346 349
382 314
411 309
405 315
370 350
400 329
376 347
427 319
487 285
501 284
415 335
398 363
461 325
371 401
450 334
421 362
361 458
403 391
449 354
463 356
356 517
412 411
429 403
457 372
393 451
447 381
486 357
512 344
527 333
646 297
460 380
481 364
458 386
464 392
476 377
435 441
517 375
474 413
507 394
470 429
653 337
510 404
451 481
664 340
552 397
471 466
564 390
672 360
581 405
543 430
555 426
580 416
546 436
567 427
496 501
490 511
516 478
468 547
511 496
617 414
514 499
557 450
530 486
684 388
558 460
409 729
548 472
648 409
575 454
720 385
594 446
553 488
472 583
573 469
498 563
584 476
610 455
792 387
601 468
534 538
503 586
625 464
613 484
662 444
531 574
771 422
806 410
529 618
784 440
709 473
644 522
655 516
633 531
725 477
704 497
668 519
609 573
752 493
550 654
688 521
643 551
828 453
659 539
599 607
602 602
634 570
831 465
728 515
588 637
675 544
730 524
778 508
665 560
767 518
891 457
733 534
726 536
729 537
667 576
763 529
681 575
878 489
848 506
902 487
656 634
623 664
715 577
759 559
737 571
789 548
757 572
885 512
873 523
787 567
692 647
699 645
608 730
791 587
678 665
788 598
894 535
721 661
742 652
775 635
703 681
816 609
706 691
711 684
770 651
842 601
830 613
803 642
841 619
748 689
914 578
897 597
769 694
786 685
689 732
823 659
863 649
861 656
911 632
917 638
857 683
876 686
866 710
802 735
904 690
814 731
883 719
937 680
940 709
1350020634 1979133402
1
sift 138
22 21
28 39
36 36
50 45
45 56
58 63
61 66
67 60
60 79
77 78
85 91
91 87
74 115
79 123
104 106
128 97
93 148
150 117
155 119
123 153
157 136
116 176
124 192
171 150
164 174
174 168
143 195
198 177
189 186
200 190
161 241
159 284
214 207
220 206
226 211
186 258
201 253
196 279
217 259
208 268
258 223
231 264
242 254
265 260
204 333
274 265
295 270
255 301
276 314
248 350
335 322
302 358
322 349
299 374
323 353
343 330
313 366
287 415
355 486
298 640
444 411
813 311
506 375
423 450
372 509
384 502
406 492
435 493
461 471
421 543
415 555
422 557
486 478
455 525
410 614
463 524
476 520
497 504
403 663
405 664
645 435
458 578
634 449
513 521
482 556
507 541
557 523
487 595
511 570
591 507
545 536
549 586
758 485
491 683
515 652
687 522
548 627
776 517
650 601
527 744
731 587
632 660
636 691
725 622
720 626
498 900
601 735
667 694
599 758
745 658
858 600
552 895
678 734
644 763
737 725
765 726
826 712
753 768
918 681
662 859
856 747
711 840
655 943
652 959
788 810
748 843
845 771
833 813
706 967
783 936
876 847
809 929
887 857
917 849
916 867
823 976
795 1037
937 910
