147254205 1979133402
1
sift 281
491 406
70 97
35 31
541 425
39 34
661 445
123 135
38 40
42 36
131 173
37 46
44 39
186 205
46 45
93 30
270 265
45 60
68 57
282 296
85 52
64 78
429 283
79 63
74 67
333 395
88 66
89 70
405 458
86 73
96 74
413 457
84 85
117 79
460 423
115 86
98 106
478 416
120 88
107 99
490 495
116 91
118 90
498 528
97 121
127 104
588 449
125 127
148 100
623 517
135 116
165 96
643 682
140 120
143 124
757 624
147 134
166 129
739 844
138 157
175 133
856 770
155 150
158 147
855 1010
159 165
170 160
909 930
184 161
188 159
964 868
191 163
205 156
984 972
187 174
210 167
1089 921
304 148
232 171
1218 937
239 177
245 190
271 183
258 186
256 191
257 193
246 217
200 269
278 206
285 207
215 262
273 226
357 185
299 223
313 230
305 236
290 254
327 221
341 220
292 276
349 227
354 229
338 243
701 158
319 270
295 297
348 259
370 246
342 275
382 260
365 278
347 293
392 277
434 292
422 295
412 312
369 364
387 350
457 309
484 301
406 336
404 356
512 300
391 373
435 349
444 334
513 321
528 317
500 344
533 323
431 414
454 396
542 322
522 366
571 333
427 461
544 368
539 372
552 369
532 392
540 422
615 383
551 435
562 434
510 519
723 359
567 468
608 440
738 371
657 417
646 426
585 481
547 553
666 450
681 439
704 436
679 455
654 483
673 471
688 465
638 496
602 541
708 464
698 474
693 480
1209 316
663 503
733 467
695 493
760 453
750 466
692 522
717 520
727 509
769 490
756 524
765 527
766 526
764 536
812 507
790 532
749 587
851 494
699 678
915 477
848 508
966 473
777 588
770 617
811 573
795 612
923 523
858 559
1056 484
785 651
853 586
782 665
706 790
775 701
781 698
814 658
944 555
822 660
802 687
906 590
919 593
778 738
896 622
1040 565
952 634
983 619
939 659
791 801
885 705
884 709
1021 645
929 712
881 747
1108 609
1080 632
1127 611
905 758
1316 542
969 728
912 768
1066 689
913 813
1148 657
1207 643
951 804
1063 743
979 796
1020 788
1032 785
1377 640
999 851
1049 816
995 875
1226 716
1347 663
1142 753
1024 859
1025 861
1094 800
1018 884
1323 706
1223 748
1046 900
1301 726
1087 870
1295 752
1002 1005
1112 867
1182 815
1274 765
1352 742
1263 776
1119 889
1034 1000
1228 826
1442 735
1160 922
1212 890
1058 1037
1261 857
1275 860
1293 847
1333 829
1246 915
1341 842
1468 737
1208 982
1345 887
1416 836
1271 952
1280 980
1357 983
1434 943
1410 992
1424 1017
1400 1025
1405 1038
