1499149563 1581090896
1
sift 55
106 172
81 87
300 682
99 106
270 341
147 128
1060 1044
123 255
310 314
150 202
1105 1059
167 190
314 576
182 197
171 223
500 419
211 198
168 254
444 566
189 263
213 272
469 553
224 292
205 309
702 550
199 331
274 305
792 562
265 377
269 396
1051 746
420 295
467 313
391 457
445 470
443 508
428 560
452 595
625 552
717 532
586 660
579 688
622 744
503 968
747 693
799 689
650 791
862 675
901 697
915 695
1160 603
676 1054
1109 823
805 1082
1061 1033
1499149563 1763636214
1
sift 66
66 132
81 76
410 1009
134 108
99 87
106 141
94 92
141 181
93 93
260 267
167 168
270 337
171 190
310 314
168 206
380 358
196 211
381 465
189 223
300 819
223 212
499 537
213 241
469 570
205 259
702 592
199 283
792 603
255 243
1052 721
265 399
1064 828
294 386
908 1142
385 313
1098 865
351 344
299 498
529 345
467 396
449 424
428 490
419 522
554 447
625 526
492 651
586 575
579 604
584 649
717 607
471 992
723 669
676 762
565 941
976 627
862 667
641 885
915 709
598 1014
901 740
808 801
1061 765
876 1028
1149 846
1121 967
1174 1023
1499149563 1765857571
1
sift 58
50 111
694 1252
90 112
88 141
1102 1406
121 131
160 228
1028 1697
204 219
171 342
190 303
199 288
251 324
301 291
249 413
440 250
259 406
362 441
347 490
419 392
294 737
373 469
327 765
445 600
468 592
477 576
393 805
401 954
516 652
458 926
493 820
515 824
495 968
549 835
487 1032
555 829
1003 475
674 709
600 826
525 1047
774 650
649 906
562 1141
503 1386
623 1035
684 948
579 1364
641 1218
920 921
762 1157
680 1530
725 1637
837 1415
932 1294
865 1405
848 1569
1115 1359
959 1670
1499149563 1835742160
1
sift 162
66 66
507 537
25 21
410 575
106 129
28 28
141 151
34 31
245 206
43 27
235 236
51 44
351 198
76 54
260 225
87 53
281 224
81 61
270 263
78 67
318 239
89 73
310 264
93 71
314 330
82 80
406 269
99 74
300 350
127 82
380 328
121 108
264 568
178 91
394 371
215 97
444 369
196 142
500 387
171 156
469 437
168 169
702 496
223 143
769 392
165 191
671 586
159 197
891 542
179 171
706 666
205 182
867 671
189 193
1049 603
199 194
975 661
183 202
653 1067
248 176
894 826
175 250
1064 812
249 196
1051 938
208 218
1075 1031
256 205
229 253
265 229
303 283
327 272
427 226
299 297
440 237
429 238
295 326
428 298
449 294
371 345
419 321
362 360
529 291
528 301
341 438
474 354
564 329
378 484
755 324
625 353
492 436
754 351
586 402
495 478
526 481
670 409
584 458
579 477
562 507
555 511
471 607
518 590
629 528
809 459
645 544
592 618
956 446
815 485
697 548
799 505
723 550
862 491
566 704
734 561
729 591
623 682
901 516
721 598
641 667
760 569
976 502
1143 470
538 852
774 597
939 538
780 609
771 614
660 726
609 783
915 574
1149 523
873 662
950 641
929 693
1110 636
963 703
903 733
1080 655
684 993
1074 670
1162 631
962 730
854 807
1016 742
836 874
943 818
1021 778
1007 845
895 981
848 1056
996 996
1030 977
999 1027
852 1139
1088 1004
1154 935
1059 1026
865 1151
1103 1046
1194 899
1153 1154
1202 1115
1499149563 1895226176
1
sift 95
66 93
115 103
34 32
266 453
106 129
50 50
134 121
87 46
410 891
141 175
76 57
245 233
81 70
1060 1078
260 264
89 71
270 318
82 83
310 305
93 80
380 356
99 74
300 445
78 107
314 463
167 153
394 426
171 167
444 412
168 185
500 464
192 191
469 491
189 202
722 529
223 184
702 607
213 207
891 589
165 272
1049 658
199 221
867 747
248 213
1051 742
224 232
1010 728
249 236
792 947
250 262
1064 852
303 276
429 270
301 340
385 288
299 353
294 367
330 388
419 343
420 349
529 304
467 339
449 389
428 404
558 391
492 473
436 568
579 481
586 494
562 511
584 499
471 601
697 507
799 482
815 495
564 684
723 590
623 672
956 526
976 525
505 942
915 575
862 627
811 699
830 708
901 681
1110 622
609 1038
963 697
1121 653
873 767
721 995
854 903
962 979
1202 1047
