1551686868 1574326558
1
sift 74
26 17
60 40
68 45
53 72
64 74
114 53
81 88
102 76
120 86
94 110
139 99
145 115
141 164
154 146
195 125
194 140
170 205
230 161
224 181
187 237
197 241
270 175
273 199
255 234
298 201
290 245
280 264
285 276
366 214
308 250
342 244
305 268
303 281
345 252
348 309
337 331
312 414
393 332
404 361
537 306
548 316
417 402
653 300
500 373
659 319
565 371
533 404
511 432
631 363
466 515
435 557
441 550
710 391
481 536
621 448
552 503
472 576
482 585
620 482
571 527
599 514
685 467
600 543
656 507
614 575
575 622
754 489
777 493
802 495
828 508
752 563
835 521
749 643
831 639
1551686868 1798871232
1
sift 364
2 7
7 13
18 19
17 21
20 27
25 25
26 26
30 35
32 33
33 30
34 38
42 41
40 55
48 48
47 50
43 54
46 53
52 58
53 57
56 59
49 69
58 62
60 61
59 65
66 63
63 64
64 68
65 67
68 66
62 72
69 73
74 77
75 78
78 71
67 86
76 82
82 83
84 85
81 88
85 103
95 95
99 94
101 97
94 107
93 109
86 113
104 100
102 102
113 99
114 101
115 104
111 110
116 106
108 112
120 108
107 130
122 114
124 120
128 118
131 117
138 116
130 124
134 122
121 149
139 126
136 138
141 137
142 131
151 128
144 142
146 150
186 129
150 153
159 146
182 134
140 167
172 148
137 191
154 158
176 151
169 155
158 161
155 165
180 157
175 159
165 166
152 184
164 172
161 173
157 180
191 163
195 160
181 177
215 154
166 201
153 216
173 193
189 174
190 175
200 170
156 226
194 188
193 194
209 178
206 179
214 176
196 202
225 183
224 185
222 195
230 187
216 212
208 219
240 190
231 206
197 245
183 268
228 215
221 225
192 264
257 196
247 208
205 259
237 223
211 256
232 231
243 222
252 218
250 228
255 251
259 240
281 221
267 235
284 220
260 249
272 236
262 248
282 229
266 247
245 269
270 244
274 243
280 234
273 258
277 254
278 257
307 239
292 266
249 327
285 272
290 274
289 279
269 310
283 303
279 320
305 282
310 277
308 280
302 288
323 276
316 287
303 305
340 285
322 292
312 308
344 289
326 297
336 298
268 417
335 314
328 324
364 293
309 332
363 295
348 309
341 319
345 315
357 311
315 347
359 322
347 329
366 325
333 346
358 330
350 337
362 335
354 350
380 334
407 317
378 342
381 339
387 333
376 349
343 402
393 354
383 362
373 379
392 365
404 356
374 386
331 447
377 391
368 401
367 415
397 372
398 371
555 312
418 364
421 366
399 389
423 375
422 380
411 394
451 377
425 404
440 395
550 353
458 383
453 397
537 361
428 424
445 405
482 396
441 418
456 406
449 416
508 390
400 481
419 452
506 414
491 421
462 429
470 436
438 471
576 385
472 455
461 468
435 500
478 458
396 574
476 464
602 388
477 466
609 387
497 460
403 569
500 478
547 440
538 450
488 496
430 538
560 430
486 498
502 486
548 444
457 519
517 475
495 504
484 511
554 457
629 413
485 517
556 459
513 509
552 480
593 442
549 499
530 520
569 487
574 483
571 488
525 530
660 428
536 532
496 583
568 513
489 618
587 515
520 592
542 566
644 497
599 516
690 465
707 454
719 453
659 493
608 522
669 495
590 535
512 643
618 521
606 528
591 536
605 529
519 637
739 456
641 518
570 570
721 472
614 531
672 506
598 563
664 524
596 568
754 482
594 600
597 607
775 489
685 539
776 491
673 549
625 586
656 559
654 577
823 485
592 645
683 564
647 609
573 690
600 652
642 629
670 598
648 625
726 558
710 567
671 616
705 590
720 581
713 587
835 512
572 729
682 627
798 534
621 682
727 597
760 572
817 537
747 604
680 654
697 649
678 659
650 687
693 660
752 621
765 634
799 619
801 638
749 691
829 628
782 665
820 651
774 694
786 683
706 734
788 685
787 695
802 689
848 646
837 672
847 657
821 710
828 714
797 735
856 669
1551686868 1979133402
1
sift 97
22 23
28 39
47 63
62 60
53 79
79 85
81 87
70 123
94 106
102 97
91 148
98 176
152 136
141 150
112 192
120 195
139 174
169 166
118 241
154 190
190 206
196 207
150 279
171 258
180 259
200 260
224 254
197 314
288 270
253 302
259 312
273 322
270 353
280 349
248 415
279 374
291 366
333 336
278 424
274 557
305 486
303 509
327 475
366 471
458 395
375 492
319 601
415 450
566 391
321 632
390 502
490 431
374 578
404 524
435 504
411 541
570 449
451 520
417 556
377 663
547 503
766 423
429 652
586 526
523 585
657 507
768 485
487 683
530 647
588 586
461 735
824 515
671 598
408 966
745 576
607 691
453 895
721 627
469 882
500 831
795 587
597 758
769 653
608 763
548 859
711 712
794 677
670 810
782 734
599 943
786 746
754 869
832 813
742 936
801 849
756 929
749 967
