1574326558 1798871232
1
sift 115
9 18
11 25
17 26
19 29
32 37
29 43
40 61
45 66
72 57
74 68
50 99
53 101
71 96
159 54
88 88
76 102
85 98
92 97
86 108
110 107
99 126
125 160
164 137
136 162
133 169
132 174
146 158
140 188
130 206
134 209
126 224
139 217
161 187
205 156
142 229
181 185
157 237
175 244
199 258
231 231
193 283
238 241
234 251
241 245
204 285
264 234
269 232
245 274
214 325
250 280
276 272
268 282
252 315
281 305
254 344
308 304
309 309
323 312
280 360
263 390
333 316
376 291
321 337
290 388
291 399
306 361
334 343
330 357
332 354
414 308
358 347
361 356
316 444
318 492
350 423
423 393
373 478
403 476
515 391
378 534
407 529
470 446
391 567
372 611
585 396
550 418
503 480
476 507
421 578
522 477
527 488
467 539
576 455
514 516
590 454
521 512
557 500
507 559
622 484
575 531
519 632
516 640
538 612
495 689
573 601
563 621
504 707
543 652
508 714
539 705
649 593
613 660
562 728
586 709
643 691
