1581090896 1763636214
1
sift 305
26 30
65 44
4 8
55 48
7 14
22 17
68 60
84 79
30 27
80 74
92 78
60 47
86 75
103 101
54 70
99 96
93 183
87 76
133 104
131 103
95 90
120 138
132 147
106 87
160 146
154 154
98 100
166 149
172 141
110 102
167 170
195 132
130 97
206 180
169 188
119 107
184 249
199 185
118 115
249 208
196 181
109 159
220 242
245 276
163 106
258 253
176 231
129 144
323 296
266 277
153 124
302 298
210 227
142 143
321 422
282 289
144 167
294 372
221 267
171 140
369 395
256 373
151 186
374 330
250 268
180 173
391 371
348 346
190 168
381 334
291 308
181 179
458 446
373 335
174 201
482 359
314 314
185 199
499 458
425 418
267 156
455 407
304 358
208 196
557 484
410 460
209 198
493 501
341 337
223 190
570 503
507 518
203 219
484 551
351 409
224 195
594 569
549 494
225 212
546 573
427 507
254 206
512 726
582 562
192 274
626 546
419 538
260 211
590 623
629 620
281 213
622 599
480 523
263 223
671 591
644 612
300 226
640 615
495 515
272 241
610 712
699 644
229 294
666 731
473 594
284 248
722 734
665 785
271 297
831 628
553 570
309 259
784 728
682 819
278 306
920 668
550 592
317 266
674 1024
759 755
236 393
800 783
561 602
297 305
778 892
872 736
333 272
749 912
539 675
331 283
931 808
771 924
328 285
913 842
745 721
316 316
839 980
882 861
318 329
887 881
750 797
324 343
994 868
1045 825
358 317
877 972
738 824
327 348
894 1018
929 921
349 342
874 1025
786 877
346 352
985 914
921 1035
313 396
990 946
856 963
365 351
1023 1029
932 1044
384 345
955 1049
359 389
1026 1056
940 1099
377 399
1007 1077
466 333
923 1192
420 380
1085 969
437 368
386 444
405 439
496 381
554 341
431 433
429 445
446 456
673 344
421 508
465 486
494 516
503 505
513 531
560 490
543 529
529 555
552 526
434 685
585 519
536 574
436 711
624 498
583 550
548 585
532 607
645 511
650 512
588 586
505 714
444 810
613 581
515 724
568 640
547 666
660 575
597 619
599 621
731 554
688 604
630 654
633 648
686 627
724 598
609 706
551 791
695 634
677 662
675 667
735 630
713 649
676 690
740 635
700 674
617 756
732 651
714 669
730 661
706 696
727 682
697 740
684 774
787 663
764 691
718 757
810 656
691 802
696 790
795 687
542 1157
737 779
868 688
898 698
861 727
774 800
743 834
942 681
710 922
891 742
879 745
707 975
773 846
881 768
869 803
793 893
719 1073
690 1161
919 826
1012 786
1054 762
843 907
838 985
799 1078
900 939
998 844
901 956
832 1039
905 958
964 947
1003 926
897 1070
1063 910
992 1014
993 1031
1036 1060
1013 1090
863 1201
1000 1124
1075 1067
1015 1146
996 1167
1021 1168
1581090896 1835742160
1
sift 128
84 55
60 38
166 117
126 138
87 61
154 134
95 79
245 221
132 147
106 74
302 245
110 96
374 251
172 129
118 116
373 236
129 133
425 325
196 151
171 112
493 366
142 163
484 410
176 206
180 141
682 350
222 157
441 546
210 185
254 169
629 500
263 193
699 503
314 264
309 182
882 435
328 171
800 540
341 263
244 216
749 683
331 194
759 766
419 387
333 211
1045 581
317 219
872 749
576 330
297 284
930 741
377 229
932 866
495 371
358 248
1076 789
440 212
1007 926
566 369
470 208
316 295
553 437
437 222
346 283
550 496
466 258
533 247
539 560
432 282
522 254
739 665
359 352
456 286
750 788
420 311
339 413
745 939
560 298
624 297
974 828
421 405
552 353
388 567
465 446
543 396
459 483
583 381
429 600
660 402
598 471
725 428
713 458
688 477
676 486
740 444
675 491
548 625
686 502
680 504
689 505
744 462
697 516
737 488
891 418
835 441
653 573
714 550
764 519
695 574
773 523
898 478
787 548
700 699
843 637
844 727
1083 552
1088 591
998 708
775 987
900 827
947 792
838 916
862 918
869 903
912 878
910 949
1003 1062
1013 1052
1581090896 1895226176
1
sift 160
590 462
84 68
54 81
103 95
132 163
87 70
131 97
95 82
154 139
172 129
106 74
166 130
110 100
245 278
196 175
118 120
282 250
129 148
302 284
176 233
144 134
381 261
142 144
374 303
210 237
181 150
348 320
180 152
425 397
221 264
190 153
410 377
222 168
484 475
250 256
185 209
626 458
225 184
644 453
291 289
254 185
682 445
263 202
441 688
314 305
284 201
629 524
272 207
699 553
304 356
192 282
882 490
292 232
800 609
341 318
331 221
920 613
317 229
772 798
419 464
297 271
1032 634
333 230
873 797
495 426
253 342
877 794
346 276
749 978
427 502
318 310
930 799
440 243
932 875
566 412
358 293
1007 884
313 339
1045 865
576 463
365 309
956 946
470 263
1085 759
553 491
327 350
923 1085
384 304
1044 1078
473 589
353 349
1046 1095
339 365
550 607
466 292
456 296
539 668
436 323
420 331
562 947
443 387
421 427
750 663
386 486
429 444
745 743
503 407
624 353
821 987
560 404
583 428
731 371
465 526
548 508
450 678
728 447
688 481
660 494
730 456
689 482
725 468
735 476
676 513
713 499
686 525
706 514
637 552
695 534
599 606
861 461
787 507
698 571
609 677
714 590
675 627
773 560
795 547
700 632
716 622
898 517
617 730
798 577
942 527
697 681
718 683
844 633
843 729
696 992
998 695
838 841
793 924
1063 725
775 1023
950 835
842 1039
884 994
982 902
1062 872
1083 887
862 1104
