161231762 333687381
1
sift 149
12 5
16 7
17 8
21 9
64 17
41 28
47 33
48 38
63 36
54 44
59 42
60 47
52 57
53 67
62 74
70 61
68 66
74 75
77 77
80 72
75 81
72 91
76 83
88 78
93 88
101 89
91 111
107 95
105 99
102 101
111 103
100 121
110 116
122 112
132 120
129 126
161 107
115 135
133 131
118 164
144 129
124 161
121 185
157 132
151 156
153 157
145 170
149 184
165 158
162 167
164 171
163 176
177 162
155 224
175 198
181 203
180 211
188 202
183 217
201 206
192 233
240 189
218 228
236 223
187 284
197 257
230 245
212 259
256 235
235 262
241 253
305 215
252 247
225 288
267 243
243 278
247 273
246 297
269 279
272 282
282 276
293 267
278 301
311 283
294 296
300 306
270 345
285 330
211 522
302 340
309 346
331 334
359 310
371 300
313 407
356 337
505 249
361 325
375 312
329 386
322 408
350 354
320 419
343 370
291 469
333 409
312 451
397 383
380 405
407 411
369 452
377 454
390 438
362 500
401 461
418 443
440 427
425 442
431 439
409 481
495 393
358 594
370 570
514 415
422 526
434 501
443 496
406 576
473 466
516 447
400 610
539 448
464 537
509 512
446 590
486 567
475 583
556 515
528 550
549 539
573 523
590 520
526 589
512 608
547 574
560 602
595 582
597 611
637 586
161231762 365855260
1
sift 112
16 15
21 13
41 25
48 44
54 50
52 60
68 68
80 56
74 71
72 77
75 80
93 76
91 107
111 86
104 122
115 138
121 142
151 113
120 148
133 144
129 153
145 141
144 152
165 146
153 167
163 164
157 193
162 194
164 191
175 211
180 209
172 224
181 213
201 195
183 229
236 205
197 236
192 255
228 228
256 223
222 263
252 243
268 234
249 267
230 304
258 274
241 301
246 306
293 248
248 307
266 291
272 290
278 298
312 266
240 368
225 408
311 293
294 314
261 396
302 350
285 379
309 345
375 283
343 331
313 387
322 371
350 351
397 311
320 441
371 361
425 337
400 394
420 395
407 415
334 584
358 522
414 436
479 380
413 467
431 434
422 457
406 500
440 437
401 506
418 504
377 661
539 451
433 602
509 495
434 610
487 544
574 473
506 569
489 586
582 499
516 570
472 644
573 513
520 583
570 529
448 698
556 565
528 606
486 677
586 559
559 601
548 624
534 666
637 566
590 625
643 618
594 687
161231762 988082744
1
sift 142
12 7
16 9
17 13
21 10
35 23
41 26
48 38
54 45
63 35
60 47
52 53
70 55
68 59
74 62
80 60
77 71
76 73
93 76
91 106
107 86
100 98
105 104
132 89
102 109
111 103
97 148
122 118
161 97
129 122
115 133
133 127
121 157
144 129
157 138
151 141
153 150
145 169
165 154
149 177
164 158
162 164
177 149
163 170
175 186
155 262
181 191
305 142
183 233
201 204
200 207
192 228
244 189
187 274
236 223
225 240
212 276
235 259
228 270
249 242
230 275
267 227
268 229
252 247
241 289
248 304
246 322
266 284
269 288
240 362
293 279
278 310
272 329
270 341
294 312
311 311
302 330
285 369
309 342
312 340
300 372
359 299
286 411
375 297
361 317
322 380
356 343
310 418
313 421
369 350
349 375
343 390
371 370
425 346
397 371
368 402
380 388
358 430
386 427
407 425
467 381
440 415
473 396
406 461
396 474
401 484
498 409
414 519
505 434
388 577
443 517
434 544
539 468
464 542
472 533
475 532
509 515
487 539
506 531
549 488
520 527
556 492
647 442
448 643
486 595
494 594
581 501
528 567
512 598
535 562
572 526
516 615
547 582
484 667
637 506
507 663
573 575
600 613
560 649
635 569
574 675
615 679
640 671
161231762 1010673316
1
sift 222
11 9
12 12
16 18
17 17
20 19
29 27
23 36
35 33
41 45
47 42
48 48
56 49
54 50
49 54
52 62
59 53
53 63
60 55
64 60
62 66
68 73
70 74
66 82
74 80
72 88
76 87
78 85
80 86
75 94
81 90
88 91
93 99
91 103
105 106
86 141
97 120
107 108
109 114
111 112
100 130
112 122
122 117
120 131
133 126
132 128
118 135
115 140
129 133
121 145
124 144
113 155
161 127
128 158
144 142
145 151
153 150
157 149
149 164
151 169
156 170
162 166
167 157
154 182
164 173
165 175
163 185
155 202
172 186
177 183
158 229
185 190
175 201
180 194
181 208
188 200
187 203
183 216
192 223
195 236
274 180
200 225
210 222
305 174
197 250
234 224
201 261
218 247
273 195
212 263
243 243
256 239
236 254
292 211
206 303
230 267
249 255
202 318
317 214
224 301
258 260
241 288
246 284
247 280
268 257
266 264
252 286
262 275
267 276
240 322
270 293
279 295
272 316
287 307
269 326
293 304
311 291
294 306
280 324
278 333
282 335
285 336
337 278
309 319
296 339
291 345
300 340
301 362
286 383
322 342
313 372
359 334
331 364
371 321
332 365
326 377
350 343
318 397
333 379
361 349
320 427
356 378
386 355
382 359
344 402
351 393
400 367
335 442
358 407
334 462
362 417
425 380
378 415
380 410
407 408
420 394
418 404
409 409
312 624
365 474
370 471
440 398
401 445
415 435
505 368
366 487
428 418
413 446
402 458
422 436
414 466
495 392
397 507
449 453
369 578
437 470
411 524
568 389
434 493
446 480
417 547
508 439
579 405
388 620
491 473
406 621
486 488
489 489
524 469
464 526
472 539
478 534
399 663
462 567
539 500
475 580
487 576
556 498
432 659
473 596
509 565
534 528
448 641
535 536
520 562
459 640
572 508
512 606
511 613
500 626
515 610
466 660
573 559
559 573
526 611
557 597
591 598
574 622
624 589
597 625
594 629
581 654
595 651
161231762 1111497595
1
sift 135
16 12
17 15
24 13
23 16
18 24
35 25
41 28
47 34
56 31
54 38
48 41
53 42
52 49
61 47
68 63
70 64
74 61
76 59
75 69
72 87
119 53
93 80
122 66
97 82
105 89
132 79
129 86
102 107
111 98
118 95
113 110
109 120
116 117
157 109
176 103
156 118
145 144
162 129
153 139
150 143
148 146
164 131
151 163
172 141
181 154
188 157
183 177
200 166
197 169
210 164
180 204
213 170
243 159
246 182
240 188
230 216
256 194
268 184
206 244
247 205
267 189
241 228
228 241
258 217
294 185
252 234
236 274
279 225
224 289
266 249
263 259
278 250
285 245
302 237
333 215
295 243
272 269
293 265
286 284
305 285
282 333
320 300
318 325
342 279
359 266
418 251
351 304
402 271
365 310
329 375
425 268
396 314
380 327
362 350
405 317
350 376
356 372
404 328
467 275
421 316
407 343
415 337
434 320
430 329
431 335
401 380
440 351
428 368
486 341
397 442
478 357
437 402
414 472
475 391
487 392
446 440
539 365
565 358
509 398
524 412
549 399
507 443
526 419
493 496
627 397
573 433
595 423
555 471
596 434
548 491
570 480
560 502
556 508
635 474
537 518
161231762 1135611940
1
sift 238
0 0
3 4
8 7
7 11
16 17
18 16
17 21
22 26
25 27
41 30
42 32
47 37
48 35
53 34
49 44
52 40
54 39
61 45
59 47
62 46
60 48
63 50
72 49
68 53
73 51
70 56
74 55
75 54
76 62
81 60
86 63
78 65
88 67
93 69
96 68
97 72
100 77
95 109
104 92
109 83
111 90
113 89
112 95
115 86
128 84
118 98
131 96
121 102
124 99
129 103
132 105
122 107
133 111
141 106
137 115
135 122
144 114
151 110
145 118
153 117
147 126
155 123
149 128
157 129
156 134
163 131
162 135
161 145
164 139
165 140
172 133
167 142
180 136
183 143
181 147
185 148
175 158
193 151
188 155
191 156
192 159
202 166
217 161
213 167
206 176
197 191
207 184
258 154
227 168
228 171
223 180
233 172
230 181
240 173
241 174
235 185
236 187
224 201
256 188
243 198
248 202
266 194
268 203
255 220
267 210
252 222
285 212
278 226
294 215
291 217
282 235
280 236
293 233
311 221
301 232
290 245
274 261
312 237
300 253
296 256
313 247
270 277
357 213
322 249
329 244
333 239
318 259
309 263
292 273
331 252
335 246
273 305
305 276
286 303
343 260
358 255
347 274
337 286
320 341
356 280
364 271
359 294
349 322
377 284
370 312
407 289
386 298
365 335
417 290
467 264
495 258
432 279
389 307
410 302
380 336
409 306
425 296
374 352
396 330
400 334
412 331
401 343
385 353
375 365
421 324
366 382
414 348
463 287
488 278
388 369
431 339
443 332
402 377
415 368
355 437
435 349
446 337
416 374
440 347
506 299
434 386
475 351
472 360
469 363
455 393
537 350
514 364
404 482
532 359
453 414
464 401
507 388
478 400
439 458
487 405
517 395
494 410
618 354
557 392
534 402
509 431
549 403
486 468
535 427
458 522
512 466
533 449
551 436
466 503
479 500
576 428
489 509
508 496
516 487
603 422
595 429
574 450
606 426
645 398
567 474
539 485
524 499
547 484
591 451
571 477
528 512
526 516
641 421
613 470
594 480
583 486
647 439
582 495
585 518
643 479
592 527
579 541
642 524
161231762 1164201001
1
sift 91
16 20
21 19
38 28
41 31
48 49
54 58
52 87
68 93
76 83
74 88
72 99
93 74
101 66
177 63
111 92
91 123
100 147
104 153
151 131
121 157
115 162
133 179
129 194
163 170
165 178
153 213
174 188
162 216
164 225
145 274
206 180
288 164
244 210
267 203
197 267
256 220
252 259
268 261
214 335
312 246
239 326
311 263
278 293
266 308
258 360
240 396
309 312
241 429
310 318
375 287
322 363
343 334
285 446
294 470
302 467
313 441
403 344
371 401
349 453
342 473
320 573
414 432
400 459
428 424
425 433
358 651
378 713
598 425
408 665
469 564
484 544
509 530
557 499
581 485
433 699
515 559
446 674
539 554
464 680
520 607
516 637
479 710
637 528
587 578
472 749
573 628
486 764
590 623
506 760
570 672
614 645
161231762 1350020634
1
sift 55
41 36
54 76
58 126
72 128
93 91
76 143
111 104
91 164
110 182
100 239
151 171
165 226
129 302
163 242
164 323
197 314
419 198
206 304
172 410
312 268
253 328
267 322
272 343
268 359
278 372
310 347
282 411
309 486
305 531
343 463
326 530
447 455
295 883
388 565
350 772
414 610
425 594
469 571
598 482
581 497
493 619
527 623
509 655
506 667
516 659
597 613
495 787
515 759
559 714
556 764
472 911
590 710
573 742
619 717
570 842
161231762 1551686868
1
sift 52
48 60
54 68
72 102
93 81
76 120
110 145
121 154
100 195
151 141
115 189
145 217
163 224
165 230
164 270
174 260
172 298
206 267
183 302
197 290
244 255
253 285
267 280
312 268
268 308
278 303
266 345
310 328
305 396
258 602
285 548
343 404
322 490
326 502
320 565
302 659
422 482
403 522
388 564
407 631
598 417
557 535
509 599
520 621
515 656
597 575
573 600
516 685
493 729
559 643
487 828
637 739
643 795
161231762 1574326558
1
sift 192
11 7
12 8
16 11
17 12
21 14
23 36
35 26
41 32
47 34
48 40
56 43
54 45
49 51
63 41
59 44
52 53
60 50
58 60
66 65
70 57
68 63
77 55
72 76
74 71
79 72
75 85
81 73
80 74
76 86
88 82
96 78
93 88
91 99
105 100
107 98
102 108
97 127
111 110
100 125
110 115
122 120
135 121
115 132
120 133
132 128
133 130
129 134
144 123
161 112
121 146
118 152
124 154
113 180
128 176
153 142
145 158
157 151
151 164
149 177
162 157
165 161
164 175
177 159
163 181
155 203
175 199
172 201
181 193
188 191
183 204
192 214
234 206
187 249
207 223
197 245
228 219
217 233
236 225
212 248
235 242
243 235
317 189
269 216
230 254
256 238
249 244
241 263
255 253
247 260
246 270
268 250
266 252
252 275
267 264
240 300
258 290
270 271
278 281
293 268
294 288
282 309
272 323
285 316
301 318
280 347
286 349
309 330
291 364
296 357
359 308
313 373
320 371
361 313
356 334
331 369
350 350
371 333
333 392
343 361
420 337
375 376
407 363
380 395
370 454
390 427
401 421
369 460
418 412
362 481
409 439
431 411
508 355
449 413
402 464
495 391
430 452
467 414
425 470
406 530
579 382
514 438
527 432
433 529
520 448
414 576
473 473
598 402
556 424
505 461
462 503
434 561
422 585
592 418
516 467
421 605
487 508
472 519
464 545
539 475
549 471
482 533
509 514
515 507
475 540
494 535
486 549
572 469
547 504
459 614
517 551
507 569
504 580
590 511
586 517
488 621
573 543
526 609
511 635
569 566
581 557
570 573
535 631
574 590
560 620
602 579
593 588
532 648
635 562
641 565
597 622
603 636
594 640
161231762 1798871232
1
sift 85
11 13
16 25
21 23
41 37
48 61
54 66
52 101
74 96
72 102
68 106
75 98
93 88
76 108
101 97
111 107
91 126
100 160
121 158
151 137
115 174
129 209
163 185
165 187
162 237
164 244
206 235
181 283
183 285
197 274
244 251
256 241
267 234
253 272
268 280
230 344
266 315
278 305
272 312
282 309
311 302
310 324
258 388
309 357
375 291
371 316
285 444
356 343
343 356
312 417
294 470
467 308
301 492
313 478
358 389
476 318
349 422
326 486
305 574
422 396
295 719
428 421
414 455
425 446
456 431
334 702
378 679
388 660
509 516
590 474
516 539
597 484
495 567
582 501
515 559
559 526
506 576
472 632
570 601
487 714
527 664
520 682
573 652
547 707
614 686
635 728
