170391303 198243835
1
sift 248
42 51
6 13
27 34
90 84
59 74
34 33
75 64
49 42
69 69
87 99
83 82
52 46
79 86
97 94
74 90
127 119
110 107
85 88
142 136
117 103
93 85
173 165
124 111
94 106
248 301
138 130
104 104
353 556
221 140
91 126
360 312
150 148
120 112
463 647
240 177
123 116
336 357
177 164
133 118
546 583
209 208
101 159
375 386
203 204
129 124
476 845
207 233
99 187
419 450
262 213
125 146
695 688
255 226
130 150
573 524
272 227
157 135
748 685
284 244
145 158
503 614
283 260
191 141
904 999
403 266
147 203
437 723
311 275
166 179
359 318
171 173
597 636
288 302
163 185
407 300
169 197
742 698
301 306
264 139
339 389
230 169
858 639
333 305
193 240
415 376
194 246
724 861
334 320
271 184
495 366
247 252
788 790
424 459
219 292
504 419
252 249
769 880
468 436
233 278
453 492
220 314
802 968
555 396
259 270
456 554
263 267
491 534
246 311
479 571
228 347
590 469
369 230
569 503
281 303
409 731
280 313
599 558
261 354
610 543
273 337
602 567
321 288
666 535
327 294
541 655
300 334
767 538
312 361
665 600
276 486
664 623
317 383
678 667
305 403
660 825
302 447
672 902
285 509
895 657
314 456
732 824
323 444
790 748
347 400
845 729
384 342
820 716
350 431
797 859
338 518
884 695
485 351
774 972
443 393
800 800
432 429
913 813
449 428
886 767
425 475
962 808
364 599
928 920
433 495
915 943
372 604
911 1014
457 501
1072 905
521 466
1021 992
550 434
681 346
1093 1052
563 435
493 507
559 473
464 546
465 549
458 565
471 572
475 591
577 496
381 774
462 628
487 620
578 531
703 457
552 574
390 865
538 588
556 593
580 568
644 522
533 658
585 630
640 579
648 584
639 602
586 668
624 656
605 683
643 653
642 675
707 634
793 585
588 807
572 858
608 763
731 652
669 754
691 739
682 771
685 775
645 830
698 778
646 841
812 670
699 806
671 846
662 863
786 710
680 862
780 734
737 792
654 951
754 835
688 1003
700 988
856 787
870 786
877 823
831 895
889 817
822 923
843 901
871 888
891 873
958 848
835 1044
978 885
1007 856
1013 854
954 913
963 936
898 1009
1023 973
1095 987
170391303 265106419
1
sift 73
79 97
97 67
104 78
360 369
83 95
127 153
138 127
157 125
142 147
336 335
150 142
130 195
153 177
419 365
221 130
369 183
207 242
478 461
283 209
327 206
259 272
573 414
288 243
219 464
281 305
546 573
333 267
366 384
334 293
597 524
339 329
318 491
504 302
649 527
602 273
524 366
555 322
742 486
393 421
540 374
569 326
748 539
415 438
585 466
565 339
858 649
467 413
603 502
424 479
491 405
731 473
653 361
610 391
586 645
590 495
664 456
640 653
665 471
846 394
699 683
697 515
820 509
945 604
800 601
962 506
898 746
732 745
971 548
1095 658
914 686
950 687
1072 632
1107 739
170391303 326472230
1
sift 62
177 98
62 64
230 252
60 67
331 249
74 85
301 272
93 71
610 312
91 81
468 429
86 102
565 415
103 89
515 477
115 105
767 1217
198 130
577 1002
194 160
220 153
1082 577
286 158
246 214
798 916
276 194
430 150
289 269
350 247
280 432
322 395
517 276
310 584
344 633
366 572
492 441
625 354
489 486
462 565
662 382
631 469
551 616
547 668
538 747
677 715
709 702
734 689
586 937
967 613
608 1101
823 746
656 1069
654 1097
961 685
651 1266
849 859
706 1200
818 951
1088 764
963 926
1023 1046
970 1159
170391303 424891007
1
sift 192
42 46
52 27
27 29
59 80
34 33
75 63
49 30
85 89
79 87
83 77
90 93
97 85
109 90
87 103
104 101
110 106
124 99
130 205
127 150
138 148
173 210
107 219
199 152
160 139
150 181
248 330
170 165
157 192
207 264
158 193
419 505
177 199
191 164
284 261
166 217
463 678
221 194
230 178
359 367
169 237
478 651
188 228
271 212
354 434
203 218
573 550
209 235
153 394
479 370
193 290
546 593
262 220
256 251
402 487
272 253
597 684
283 263
259 337
415 490
233 385
638 730
288 305
369 254
424 492
219 455
695 701
301 308
281 340
491 564
321 315
748 707
333 331
228 498
690 529
280 380
858 702
334 332
261 425
541 754
300 363
742 877
339 405
327 336
653 591
323 422
929 698
486 387
317 457
665 627
440 354
788 909
468 438
314 479
660 897
485 344
906 875
555 397
366 468
732 812
574 342
869 1122
504 446
347 536
866 712
433 440
980 1078
515 439
338 611
895 756
449 451
1068 1132
467 491
563 391
790 912
577 392
590 417
457 480
962 806
559 411
569 463
384 590
774 1109
372 679
602 450
398 629
1021 1011
425 588
610 504
464 595
462 606
490 728
364 910
703 432
599 662
489 603
465 668
767 523
487 637
380 913
664 658
580 556
623 533
800 582
471 776
551 642
820 578
640 542
540 709
845 786
585 645
608 622
797 984
586 715
537 823
884 859
643 703
624 749
928 908
648 743
607 896
971 893
731 737
669 848
1072 881
1037 557
680 864
911 1113
642 938
628 990
914 1107
707 920
786 798
1107 1003
691 977
812 793
893 764
671 1106
878 797
709 1079
699 1124
865 842
791 1002
843 914
951 811
1007 792
871 946
958 889
1044 814
822 1074
831 1102
963 978
1102 803
170391303 854684009
1
sift 66
52 56
62 73
98 107
60 79
177 113
74 77
176 119
76 76
240 252
91 90
230 244
131 188
333 261
169 157
301 286
213 142
361 341
194 173
490 332
220 163
467 359
286 167
468 446
261 198
515 467
276 200
565 431
199 354
610 380
280 318
577 906
310 463
886 590
517 277
798 638
537 285
800 920
322 491
1082 602
344 472
532 382
493 528
558 492
471 653
551 523
538 554
449 771
488 686
547 589
618 592
586 813
688 654
709 636
642 773
700 753
691 758
734 744
654 897
754 789
656 973
961 618
963 746
737 1103
849 1119
1023 998
1088 1229
170391303 860836826
1
sift 318
42 47
6 11
19 22
59 65
55 67
25 25
75 69
49 46
27 31
79 83
78 82
26 32
87 94
83 85
33 29
90 91
97 95
34 34
110 101
124 115
37 39
127 126
138 154
44 42
142 151
150 159
40 49
248 265
170 248
54 44
360 239
177 169
57 48
335 350
207 244
64 58
340 372
176 215
74 84
353 458
209 243
76 86
375 343
203 217
82 81
445 427
240 220
85 88
436 465
262 230
118 77
419 497
255 247
91 112
463 481
272 240
109 102
476 643
284 258
104 107
478 501
290 262
102 117
546 628
283 301
96 127
573 532
288 336
101 148
597 611
403 255
123 124
638 549
311 331
99 168
649 660
315 351
129 125
701 623
333 344
125 160
675 652
339 381
132 147
695 670
334 345
130 156
858 687
407 341
133 162
788 778
415 401
157 146
742 855
504 460
145 167
929 683
393 420
147 206
769 875
453 546
163 194
904 773
468 435
197 173
907 964
409 599
166 204
933 921
555 429
191 185
953 969
491 520
169 203
1068 1044
467 551
153 254
456 600
193 224
653 444
238 199
422 738
264 184
565 544
230 208
541 665
194 242
490 650
244 213
690 519
213 245
590 555
214 263
599 590
219 292
610 566
251 257
602 589
247 268
601 639
252 260
664 630
233 289
666 569
246 291
665 646
259 288
674 655
228 340
634 725
263 293
660 747
269 287
672 766
281 281
632 830
261 322
732 750
280 310
767 688
369 266
797 706
328 316
895 641
321 333
790 721
346 306
702 942
327 326
774 849
325 338
820 817
314 352
962 768
276 412
829 837
312 362
950 840
307 380
886 839
317 371
928 918
285 414
913 937
305 388
911 975
352 363
915 1014
343 384
991 994
345 395
1021 981
332 418
1072 939
384 382
368 463
485 394
443 421
372 485
433 434
449 442
556 393
344 606
432 457
364 588
425 486
489 455
471 473
457 483
482 466
514 447
465 493
611 404
464 508
559 446
499 488
458 530
461 537
521 477
430 571
509 491
589 452
563 482
538 502
493 542
577 480
475 587
487 583
551 531
578 510
547 543
550 564
619 496
580 536
552 574
477 675
450 724
609 518
585 547
681 484
603 558
516 672
644 522
557 667
640 565
586 640
648 576
703 554
624 613
454 958
572 713
607 664
643 648
798 552
639 677
605 726
662 673
588 765
608 739
642 709
656 703
707 663
738 644
668 698
669 712
529 1023
596 843
646 746
731 694
700 753
616 879
654 825
777 699
706 761
683 790
671 853
628 940
870 658
699 877
805 735
709 861
689 915
698 906
754 824
780 798
737 887
783 810
834 752
1041 654
786 835
793 851
1037 685
871 795
817 882
729 1052
822 888
752 1020
811 919
877 834
831 928
958 801
889 867
843 927
755 1071
1007 782
765 1072
835 1026
851 1015
963 893
890 972
925 945
1013 870
965 941
1054 868
918 1060
898 1075
1088 914
978 1051
170391303 1124316966
1
sift 64
75 60
52 37
259 282
59 89
79 116
97 71
306 274
83 88
87 113
138 136
457 347
127 153
142 156
150 133
524 368
160 175
173 212
177 171
731 477
209 154
248 247
203 187
867 720
207 272
336 309
283 207
288 246
419 361
339 307
415 340
573 393
468 331
515 316
546 515
424 389
504 342
748 549
393 414
501 349
742 594
569 314
565 360
866 269
690 323
491 445
610 388
626 396
590 450
767 379
653 444
664 470
665 487
617 528
600 583
845 405
660 638
962 459
602 741
800 567
797 629
928 650
914 690
1072 619
915 732
170391303 1249130758
1
sift 371
28 25
6 10
3 6
59 65
10 14
19 24
75 71
49 49
25 28
79 73
55 60
27 33
87 85
77 76
33 32
90 87
78 79
34 34
110 107
83 81
37 40
127 129
97 104
44 42
142 163
117 112
50 43
173 179
107 128
64 63
248 265
112 122
53 84
340 360
124 125
61 90
360 279
138 154
80 77
353 342
168 189
74 82
429 393
177 175
76 83
419 477
143 258
63 116
436 478
176 201
82 98
437 572
186 212
85 92
478 539
170 255
93 101
463 647
209 205
94 110
546 558
203 217
103 99
503 627
207 239
91 117
573 610
240 227
102 109
476 779
226 248
118 93
597 676
262 254
104 111
695 615
272 252
109 113
649 706
255 266
108 134
742 709
290 269
99 142
748 778
283 304
101 155
769 784
339 384
123 138
701 828
288 316
129 130
788 847
359 365
125 148
929 674
311 323
128 147
906 805
407 346
120 160
858 864
301 329
130 151
854 914
315 454
133 170
935 854
334 330
145 157
953 922
415 421
158 161
949 932
333 345
147 199
933 982
424 438
157 182
904 1044
422 459
162 186
409 561
166 190
468 437
192 177
504 476
197 178
555 429
169 204
501 481
191 198
453 529
198 192
456 574
195 195
515 487
167 246
594 445
210 207
490 538
193 232
491 542
194 240
565 484
230 215
569 509
244 206
610 550
238 221
541 687
214 261
601 616
264 222
627 601
220 290
590 633
219 291
665 649
256 253
617 663
185 367
602 724
233 287
599 732
247 275
664 668
252 268
732 656
228 315
660 745
263 272
674 763
259 282
690 757
246 297
672 781
250 295
768 749
269 294
767 737
281 280
895 660
274 307
751 792
280 305
702 851
289 301
797 796
261 375
796 951
328 319
820 883
285 361
913 888
302 344
886 840
306 350
962 867
300 353
915 962
317 338
928 967
369 309
911 1004
321 339
1027 938
325 335
1072 937
327 331
305 363
314 364
312 373
355 327
332 388
384 332
345 389
337 398
323 422
309 448
338 432
357 404
399 381
385 396
368 446
364 458
313 581
344 532
372 471
366 503
464 399
556 372
440 424
425 439
433 440
412 453
485 408
432 447
449 457
374 573
390 537
471 456
455 475
496 444
457 492
492 464
673 380
482 501
499 489
518 469
381 666
475 526
444 571
611 419
523 483
465 547
550 465
458 578
563 490
589 460
521 523
711 413
549 505
547 525
483 603
552 530
473 642
450 675
493 606
870 394
578 541
577 554
615 507
551 586
487 685
524 653
609 556
517 679
681 506
580 597
509 714
537 707
516 736
520 742
640 585
585 673
608 632
548 734
605 655
624 669
607 688
631 672
677 631
557 786
703 620
586 752
738 598
643 693
639 715
691 684
656 713
647 722
708 692
642 748
689 723
706 711
654 788
646 797
731 739
749 718
628 824
671 798
663 808
645 823
798 701
853 680
752 773
698 833
709 830
680 882
699 861
700 895
651 978
1082 622
766 825
755 839
707 908
688 975
786 838
805 832
889 783
840 822
822 831
963 765
871 815
1037 738
783 917
754 984
831 870
843 862
760 989
1041 766
877 835
791 995
811 944
835 940
787 1035
952 834
836 956
824 992
826 1006
970 878
893 952
898 947
1007 881
867 1025
948 953
888 1043
1013 916
926 1016
918 1039
1054 933
988 1021
890 1075
992 1036
1066 972
1018 1052
1062 1027
1034 1066
1091 1078
170391303 1499149563
1
sift 65
98 134
74 81
177 106
86 83
331 235
93 93
230 260
91 99
334 270
213 123
301 310
169 167
490 314
198 150
610 300
194 171
468 500
220 168
515 469
216 181
565 444
233 190
590 792
246 213
286 179
1082 702
261 205
276 199
798 1052
237 325
289 274
314 291
350 265
310 467
344 440
492 391
462 428
489 405
625 354
493 475
631 452
538 717
740 501
618 586
616 622
709 579
677 635
560 882
642 723
586 862
838 561
693 747
689 799
823 650
700 841
656 915
654 976
818 740
608 1160
683 1110
970 941
874 1109
897 1126
1023 963
905 1149
170391303 1581090896
1
sift 454
28 26
6 7
2 3
42 55
10 14
3 4
59 68
49 56
19 22
75 80
55 65
23 27
79 86
77 84
25 29
90 75
78 83
27 30
87 99
83 92
33 33
110 117
97 103
34 36
127 133
107 131
37 39
142 160
115 93
44 48
173 134
112 124
54 54
159 167
117 120
50 63
257 220
124 125
57 58
248 258
138 154
53 69
353 323
143 177
64 71
340 350
168 169
61 78
336 391
150 195
74 87
474 344
160 211
80 90
437 402
177 172
82 97
418 438
170 206
85 96
436 458
176 196
73 111
419 499
186 199
88 98
478 527
203 210
91 106
463 571
207 238
94 110
503 557
205 246
102 102
476 671
215 231
103 107
546 594
226 249
104 119
573 590
240 245
109 118
597 622
255 266
99 123
695 640
272 256
118 109
748 722
262 291
96 130
788 784
290 265
116 114
724 918
288 282
108 122
742 894
283 302
101 136
858 813
311 304
129 129
904 864
333 348
123 135
929 839
301 314
125 147
980 827
331 373
122 150
854 994
334 341
128 146
949 911
339 374
130 143
906 985
354 381
133 153
953 990
315 467
132 163
393 410
136 168
424 425
145 162
407 455
171 145
402 471
147 171
409 461
158 165
446 448
157 181
468 419
166 180
456 441
162 186
422 482
169 190
453 516
192 174
479 507
195 176
504 484
178 193
602 417
197 192
491 549
191 203
555 473
198 202
569 531
200 198
490 576
167 247
541 582
193 209
515 553
194 223
674 483
210 214
565 566
214 225
513 619
185 285
599 546
225 224
601 644
230 221
590 562
237 219
626 626
238 229
610 682
220 254
665 629
233 264
664 651
229 269
660 699
251 248
672 720
244 252
634 831
228 281
751 749
247 262
697 800
246 272
767 750
271 253
797 772
249 277
809 739
259 271
750 819
252 278
702 921
241 296
950 742
256 295
772 940
263 293
845 872
269 288
886 882
281 284
913 887
273 300
895 920
280 297
915 914
261 309
1020 809
265 308
911 930
320 275
962 877
289 305
928 932
253 363
1021 854
276 331
991 1007
287 312
1072 955
274 334
1027 1056
189 592
1078 1076
285 329
300 316
310 313
302 317
312 318
258 400
328 310
307 339
309 345
321 324
325 327
306 352
298 355
327 326
305 358
317 365
345 346
346 337
357 333
348 356
332 379
369 338
344 378
355 357
350 377
323 403
352 386
384 359
423 354
364 404
385 387
484 340
399 389
291 587
372 437
386 420
595 322
374 456
380 466
506 388
432 429
390 479
440 427
449 421
322 663
433 443
454 431
367 554
417 491
430 489
482 446
470 462
471 465
485 450
457 495
492 457
465 494
517 440
450 509
458 503
489 487
475 514
397 606
427 578
509 496
499 508
550 478
559 475
444 584
483 538
462 560
493 536
611 434
521 518
556 513
549 529
538 532
574 505
551 541
553 544
563 547
667 463
577 539
711 444
557 564
518 597
508 611
547 583
578 548
589 540
609 524
619 515
473 709
494 662
673 492
865 405
537 624
712 510
585 599
579 613
879 442
615 588
580 633
612 593
608 603
631 595
607 630
586 675
639 609
757 542
566 728
624 639
603 681
648 615
598 691
677 604
605 687
618 660
572 731
644 628
640 648
681 617
616 701
654 686
679 668
643 700
738 614
703 652
656 695
691 676
642 714
584 788
689 689
671 706
693 693
709 688
669 724
683 716
706 697
685 712
628 757
707 698
663 732
682 726
698 718
633 764
700 730
688 735
777 659
792 658
749 707
816 646
728 736
1082 550
699 795
828 703
783 741
798 745
893 684
756 781
754 787
910 678
793 779
853 737
806 776
721 889
760 817
831 775
823 791
786 829
1080 657
755 898
840 798
1037 696
766 881
1003 723
791 869
889 774
782 892
870 793
905 773
985 744
834 828
835 844
1001 748
825 879
874 823
851 861
843 900
877 856
824 935
925 843
960 815
856 919
842 948
963 848
850 975
1028 816
885 964
1041 824
1007 866
867 982
1066 822
958 944
899 998
999 926
1013 916
922 992
1095 826
918 1035
1051 915
1067 939
967 1043
1016 999
896 1083
1091 983
1088 1012
1075 1037
1063 1075
170391303 1763636214
1
sift 407
28 30
6 14
3 8
42 48
55 44
19 17
59 60
49 56
24 25
75 74
52 57
27 27
79 75
77 79
37 38
87 96
83 78
34 42
127 104
97 101
63 50
107 103
98 108
44 62
142 146
124 122
54 70
117 138
150 132
62 67
159 170
138 154
67 71
170 180
160 137
121 49
173 249
177 141
70 86
188 191
176 181
74 76
257 242
168 188
85 89
226 208
186 185
91 87
248 253
203 227
93 93
209 246
206 231
88 100
353 296
240 276
96 97
283 298
230 267
94 102
336 371
255 277
104 107
339 330
262 308
109 115
437 398
288 289
114 114
354 334
272 373
141 119
445 435
301 314
133 124
359 359
311 358
118 159
419 458
331 335
153 121
403 336
334 337
129 144
436 446
333 346
130 142
407 407
393 460
179 112
463 502
415 420
134 150
424 418
440 507
147 140
503 484
472 485
181 136
501 469
457 515
145 174
476 591
491 494
175 155
495 539
479 518
157 179
546 569
468 538
169 168
504 551
486 544
171 166
573 623
515 570
166 173
541 562
555 594
155 202
597 599
626 546
162 200
599 573
590 603
174 216
649 595
568 611
194 190
601 612
577 675
193 198
567 700
634 628
192 201
701 587
610 819
183 217
695 615
665 620
190 210
660 644
839 636
191 219
675 672
602 785
222 187
769 665
798 721
225 195
748 734
697 783
220 206
788 728
994 606
214 212
872 680
895 668
228 213
845 736
1082 592
263 193
904 729
767 797
232 221
732 913
800 828
233 222
936 754
810 824
253 209
751 912
1000 794
212 247
742 1018
797 923
197 274
774 969
886 861
452 158
854 868
915 841
250 233
1039 795
877 963
246 241
906 914
913 881
273 226
772 1099
1040 896
261 259
869 989
911 920
281 248
929 980
1054 1075
242 287
953 946
962 972
238 294
858 1081
322 230
933 999
928 1044
291 254
942 1008
276 283
1068 1042
1014 962
259 297
971 1053
252 306
991 1077
285 284
1029 1076
260 326
950 1162
258 332
1072 1049
280 305
1027 1131
282 319
264 355
300 316
277 365
305 317
329 307
312 329
297 354
314 340
303 363
321 343
317 351
343 328
325 348
332 345
310 396
345 352
347 360
371 333
367 341
413 322
324 419
350 399
372 368
368 390
560 295
386 380
384 389
320 481
370 414
447 385
412 402
473 376
494 383
509 381
450 417
432 445
454 433
404 497
482 456
462 490
471 486
449 508
522 443
512 451
458 505
465 516
532 454
498 487
459 540
525 477
537 498
517 511
480 566
493 574
553 530
556 531
552 536
547 550
461 642
591 510
570 542
558 558
533 582
661 470
572 554
518 619
538 607
579 581
578 585
500 693
620 568
618 575
637 563
561 634
645 565
615 586
585 621
563 666
580 648
646 593
586 667
603 653
607 654
669 598
574 714
654 627
662 633
611 685
688 630
663 651
642 669
633 691
643 674
619 724
639 706
700 661
656 709
671 696
765 625
691 690
699 687
754 663
729 702
736 710
681 756
706 740
755 698
698 757
781 689
589 931
752 737
782 743
766 768
650 916
811 748
851 727
847 747
791 803
863 770
764 860
853 779
712 988
893 774
836 835
749 975
983 746
889 800
856 826
952 775
812 903
1046 752
822 906
932 827
730 1113
899 844
816 948
960 814
905 846
888 864
1037 790
875 886
870 893
843 939
931 856
780 1087
1026 811
934 885
1088 786
925 907
757 1157
955 901
1012 872
946 937
961 941
1034 875
956 982
922 1014
988 957
992 947
966 991
926 1047
927 1045
1015 967
937 1051
1083 897
923 1092
1061 960
1056 986
1074 979
1042 1034
1051 1017
898 1169
958 1124
967 1133
1038 1079
1050 1059
1063 1067
1075 1061
1077 1105
1003 1179
1031 1156
1071 1116
1080 1112
1099 1141
170391303 1835742160
1
sift 157
97 85
26 37
124 105
177 129
40 24
170 102
67 46
138 134
176 151
62 54
203 185
74 61
240 221
230 225
76 72
403 164
93 71
283 245
262 269
91 74
331 236
85 80
339 251
301 264
108 77
361 279
94 96
415 288
393 320
114 92
424 325
153 83
501 341
490 330
109 116
468 387
129 133
504 410
457 371
131 163
610 350
166 141
626 374
440 399
214 143
565 369
194 156
456 546
515 437
220 169
479 472
234 193
568 474
577 560
261 182
665 500
285 170
660 503
886 435
250 195
697 540
276 194
732 626
830 547
302 219
1060 453
357 211
751 683
1082 496
343 217
809 665
305 248
845 749
767 788
394 209
800 812
280 284
911 741
666 1129
344 237
971 794
350 229
928 866
798 939
372 222
1078 789
368 244
991 926
1040 826
345 283
374 286
386 311
455 282
307 413
462 298
537 297
458 351
412 400
449 405
547 381
471 446
851 313
585 404
558 440
618 402
432 600
533 520
670 428
663 436
586 491
729 426
956 363
782 417
654 502
633 519
691 486
709 477
689 505
726 487
734 489
578 625
755 478
706 516
642 550
540 723
656 574
891 475
754 548
580 751
646 653
985 462
683 636
932 479
737 615
643 699
863 526
966 492
905 523
1026 514
896 552
967 533
867 579
925 637
835 727
934 667
1050 619
899 708
1018 722
1077 711
831 987
988 837
1099 737
1066 811
1012 880
1071 834
958 1089
1033 1080
170391303 1895226176
1
sift 215
573 462
77 68
40 38
97 95
98 121
62 57
942 722
107 97
60 67
124 113
177 129
54 81
138 139
74 70
170 127
176 175
76 72
188 183
91 74
240 278
203 237
85 83
288 250
93 80
283 284
206 233
96 79
262 289
94 100
354 261
230 264
104 108
301 305
109 120
403 253
334 318
153 104
339 303
181 106
424 397
333 320
130 143
311 356
171 133
504 475
393 377
157 150
468 464
166 152
501 530
457 426
169 153
565 412
194 167
601 453
440 502
163 209
490 463
214 184
626 458
515 491
220 185
610 445
219 191
568 509
555 589
204 208
456 688
233 203
665 524
577 668
225 213
660 553
246 207
697 609
886 490
250 212
732 630
281 201
895 613
767 663
197 282
590 947
276 221
774 759
798 743
285 217
797 798
212 294
846 797
1082 607
302 229
1060 634
280 271
751 978
878 715
329 236
800 852
238 330
911 799
357 230
790 958
414 219
962 794
256 349
768 1061
343 275
928 875
305 293
971 870
367 257
991 884
345 276
1073 946
271 342
1027 1077
312 310
394 262
317 309
332 304
371 292
310 339
374 296
321 341
344 323
307 365
325 350
386 331
412 332
433 387
537 353
462 404
458 407
449 427
558 367
572 371
432 444
525 410
547 428
522 485
516 512
645 449
524 552
578 508
662 467
618 494
700 456
670 468
663 473
576 537
580 536
688 476
689 482
485 678
709 481
671 514
654 525
691 513
619 561
585 606
615 579
851 461
754 507
729 523
586 627
755 517
642 590
707 571
646 616
643 632
683 622
863 521
639 677
574 805
726 626
698 683
840 577
706 681
811 596
905 560
681 730
853 610
952 569
891 604
968 593
1089 554
850 703
899 695
967 661
992 648
888 721
1015 653
1026 642
925 729
1023 697
752 993
1050 723
1012 751
921 824
822 957
896 887
1066 752
779 1064
870 924
988 863
1077 790
831 1023
1070 895
1091 888
1037 992
1062 973
1056 1015
1018 1054
1033 1102
1108 1048
