1763636214 1835742160
1
sift 223
79 55
82 97
37 21
101 85
132 66
27 32
122 105
141 129
50 28
149 117
147 147
47 38
180 102
181 151
71 46
153 135
227 185
67 54
162 155
231 206
76 61
192 190
229 235
87 74
336 164
267 225
93 71
276 221
344 198
89 80
298 245
335 236
121 83
330 251
308 269
102 96
347 336
314 264
114 92
420 288
337 263
115 116
418 325
358 328
140 112
469 341
460 320
118 140
501 366
515 371
144 133
488 394
507 399
142 162
546 374
538 387
131 178
551 410
463 451
173 141
611 474
518 472
211 142
620 500
570 437
212 143
644 503
819 350
190 156
668 570
697 386
195 176
783 540
592 496
206 169
825 581
594 542
197 184
1009 575
861 435
223 193
755 766
590 671
259 182
913 626
675 560
233 195
817 750
1006 524
323 159
912 683
888 603
284 170
919 740
823 665
244 205
1053 794
900 661
283 194
1103 768
721 939
272 211
1044 866
797 788
194 314
828 812
307 196
896 826
266 219
865 914
261 249
1016 864
328 217
317 248
1043 853
368 222
333 258
305 284
399 229
390 244
511 212
316 295
352 283
345 291
315 319
380 311
434 282
424 294
389 352
490 298
498 297
454 327
522 321
542 333
505 351
526 353
553 348
348 596
550 381
508 405
529 396
486 446
575 402
487 504
558 440
597 428
445 600
468 602
688 398
635 444
651 436
586 499
604 477
702 426
637 463
582 520
649 458
742 418
858 368
627 502
650 507
667 491
698 478
690 486
621 558
691 519
585 625
663 548
499 821
669 550
593 653
779 488
827 479
770 526
619 692
678 606
811 514
1057 439
846 523
855 522
1032 468
1120 443
869 529
674 699
991 492
945 513
648 751
747 660
944 561
1133 533
907 637
884 655
992 607
885 667
844 708
1059 619
666 1078
862 762
1010 689
1197 595
1148 664
872 880
1105 711
1101 718
1203 604
756 1128
918 865
1150 713
941 858
1127 728
957 837
1012 805
1141 737
985 916
1030 915
1116 834
1064 927
1052 968
1098 928
1090 1052
1121 1050
1124 1089
1176 1090
1763636214 1895226176
1
sift 335
19 22
82 85
10 6
63 60
132 93
17 18
79 68
101 95
25 32
103 97
108 121
37 30
122 113
137 110
50 42
149 130
141 129
42 46
153 140
147 163
45 50
180 127
181 175
67 57
161 160
183 173
77 62
191 183
231 233
76 70
298 284
227 237
70 81
276 278
268 256
87 74
336 253
267 264
83 88
311 302
289 250
93 80
330 303
361 254
89 83
347 370
308 289
97 79
372 382
314 305
84 119
418 397
346 320
102 100
488 437
324 358
98 111
482 454
358 356
119 96
546 458
452 376
120 98
469 530
460 377
107 108
551 475
552 369
121 104
612 453
515 426
115 120
610 510
538 464
136 106
620 524
507 502
139 107
644 553
570 491
114 128
668 613
819 445
155 131
783 609
594 589
131 156
755 655
753 488
142 143
913 630
592 607
144 148
817 797
861 490
166 133
825 865
590 747
168 153
969 759
675 668
148 174
919 800
845 544
187 142
923 798
721 743
173 152
972 794
797 663
179 150
1009 891
603 947
205 154
1044 875
1003 566
209 157
1053 870
888 658
190 167
912 978
828 852
171 189
1077 884
1180 643
184 199
1050 946
1006 772
206 185
1025 985
1043 816
212 184
1103 984
1075 843
189 211
1131 1077
900 1071
174 225
1192 1085
1016 1000
199 209
195 213
222 203
254 190
219 215
248 201
218 223
241 207
233 212
194 268
193 286
244 222
228 252
284 217
283 221
266 229
272 230
261 244
251 266
322 220
247 294
307 236
274 282
282 281
278 283
305 271
341 257
315 277
328 275
313 288
317 293
475 224
352 276
306 308
333 292
294 330
316 301
329 310
345 304
351 309
318 333
321 345
370 307
332 336
349 322
343 341
348 350
380 331
396 339
402 332
297 474
393 374
384 393
493 313
509 312
450 337
410 402
440 380
424 389
492 355
522 343
498 353
601 311
413 425
448 420
490 404
477 410
553 372
416 455
505 407
535 398
445 444
508 427
542 409
444 486
536 424
550 428
468 485
806 340
524 460
565 449
486 526
519 496
520 519
597 468
575 494
604 481
633 467
630 476
585 508
661 456
651 473
579 533
727 461
649 499
627 525
650 511
809 434
663 507
586 579
634 534
648 536
480 773
690 513
696 514
688 515
637 556
681 527
698 517
702 523
593 616
678 541
687 547
621 606
622 619
671 568
770 521
724 561
669 590
709 575
667 627
858 516
676 628
674 632
775 569
748 596
683 660
705 662
706 677
779 610
719 686
689 713
787 624
820 602
695 727
740 681
757 683
811 642
869 608
632 906
1057 555
756 730
714 805
992 601
844 695
917 640
944 631
738 848
947 648
862 710
1158 570
967 653
864 721
901 708
685 1003
872 751
910 725
907 729
843 801
943 719
791 883
1151 639
990 734
853 844
1133 661
1059 723
1062 724
790 992
832 916
1149 684
939 828
1087 768
985 841
957 863
1047 810
893 924
928 896
945 899
1105 790
810 1064
1127 779
1012 867
906 957
968 935
1111 840
1052 900
984 977
1197 784
1150 857
1116 894
986 1015
1140 909
1037 1036
1139 1075
1176 1043
