1798871232 1979133402
1
sift 81
20 3
373 777
25 32
37 36
43 57
69 45
72 60
57 79
78 91
87 86
74 123
102 97
107 106
122 135
137 150
108 195
126 174
155 166
180 156
181 169
158 190
176 186
175 206
187 211
157 259
170 260
185 254
217 226
240 312
245 314
209 358
234 349
258 322
244 353
242 356
313 309
275 366
312 330
257 424
291 385
346 336
280 417
243 557
228 640
282 486
325 471
383 395
305 509
362 543
677 388
394 541
441 493
386 578
570 449
500 504
391 663
389 698
477 622
472 627
495 672
520 647
397 895
468 735
616 598
444 859
576 694
522 763
571 725
482 869
448 965
607 758
665 734
516 943
683 746
563 900
653 787
686 847
693 851
680 910
737 830
691 967
