1835742160 1895226176
1
sift 315
85 95
66 93
2 0
105 113
97 85
14 13
102 127
84 101
12 16
117 130
89 103
13 18
134 139
129 129
19 26
150 151
147 163
21 30
154 160
151 175
31 32
164 253
185 237
24 38
228 239
206 233
28 42
232 261
225 264
38 43
221 278
269 289
44 51
245 284
264 305
53 46
251 303
239 346
57 49
336 370
293 379
54 57
325 397
275 414
70 67
373 457
328 356
61 70
395 469
320 377
72 72
410 475
330 463
71 80
474 509
369 412
74 74
500 524
350 445
79 82
503 553
371 426
67 107
540 609
387 464
88 96
546 688
399 502
83 104
581 865
453 450
90 98
575 891
435 490
96 100
740 800
437 491
91 108
750 797
431 529
92 128
683 978
496 607
116 120
794 870
542 589
107 131
866 875
560 668
111 142
768 984
524 772
103 157
901 969
603 658
132 134
1087 907
671 747
133 148
1000 1093
788 663
141 152
1142 1079
568 1044
162 143
954 603
158 155
681 889
127 190
938 742
143 184
812 852
139 192
853 816
156 167
864 1000
137 201
984 966
160 170
1029 1031
178 156
169 185
123 283
159 219
176 213
170 217
193 202
195 212
194 221
205 222
196 236
191 272
211 230
201 257
219 229
208 263
217 275
238 270
248 293
244 300
284 271
258 292
283 276
237 323
278 299
286 296
319 277
280 309
291 304
273 337
300 307
309 310
311 331
247 434
297 353
312 348
321 343
294 389
298 404
379 322
349 364
348 372
345 388
333 409
400 332
358 375
385 352
351 407
389 361
313 461
454 342
413 365
404 383
422 392
381 428
326 531
396 429
405 427
434 421
368 516
445 443
428 468
402 494
429 472
425 476
436 473
461 447
398 515
393 539
426 523
477 481
458 499
469 497
446 526
485 495
505 482
438 554
482 514
378 656
478 517
507 511
473 538
463 556
600 444
502 525
406 669
526 521
548 507
602 485
441 644
499 579
523 560
476 605
625 508
574 534
487 626
491 627
529 608
606 541
544 593
550 590
514 642
579 575
558 606
516 681
631 562
533 661
506 714
610 586
580 615
561 631
607 601
611 620
751 536
459 888
636 622
653 616
604 689
511 878
699 632
702 635
619 723
652 673
727 633
682 672
707 657
637 729
595 784
804 600
552 887
703 697
708 695
695 717
688 734
662 767
689 737
847 629
743 721
762 710
711 790
632 934
598 995
627 956
633 954
713 857
736 823
738 825
811 752
841 739
820 763
680 932
755 839
890 726
879 750
844 786
806 861
805 867
1028 716
753 926
730 979
837 863
654 1090
921 810
807 903
899 827
834 894
916 841
817 925
746 1057
1128 730
878 910
783 1038
910 922
968 900
870 989
988 920
975 943
941 1026
990 980
966 1006
857 1098
987 1023
956 1054
904 1091
1119 941
1055 1011
1057 1010
1037 1055
1073 1033
1084 1022
1090 1043
1040 1087
1115 1047
1131 1040
1080 1102
