198243835 265106419
1
sift 136
99 99
39 42
41 30
312 266
33 45
119 153
64 60
46 37
68 58
165 191
75 56
71 63
94 67
583 573
111 64
76 93
82 95
685 539
86 97
104 78
121 109
129 115
138 98
130 127
137 137
147 119
136 147
163 123
148 142
182 130
156 156
174 139
205 135
226 203
150 195
243 134
228 207
172 192
218 182
260 209
215 186
230 183
233 242
249 221
294 206
261 228
302 243
298 220
276 235
270 272
309 227
244 307
316 251
305 267
419 302
265 337
303 305
389 329
320 293
391 335
420 325
458 296
567 273
408 361
434 363
503 326
418 367
354 443
450 365
399 438
522 355
454 407
483 396
383 490
403 477
479 429
543 391
459 479
534 405
469 495
524 414
600 471
529 457
662 397
623 456
670 410
657 441
690 417
630 466
650 455
580 535
652 473
728 432
601 564
588 623
636 524
664 507
517 749
612 559
693 482
579 653
963 380
698 486
743 474
1040 383
655 626
716 509
866 460
638 650
619 692
686 613
808 506
800 601
712 603
637 721
820 618
867 510
765 592
806 683
745 624
871 576
886 634
814 686
853 667
887 640
874 648
905 632
793 744
825 697
824 745
987 658
884 727
1075 598
983 742
1009 746
1005 755
198243835 424891007
1
sift 439
84 93
11 9
4 4
15 14
14 5
99 103
18 16
13 6
51 46
23 22
119 150
43 38
35 20
64 63
26 25
165 210
75 68
27 26
74 80
31 28
406 553
82 77
34 29
86 87
33 33
583 593
94 85
41 31
107 106
37 36
647 678
111 99
46 27
129 138
42 30
685 707
123 143
47 42
142 128
54 41
688 701
130 148
44 67
137 155
50 50
1036 1033
156 186
67 40
163 185
59 52
845 1150
176 196
57 56
232 209
58 61
182 194
68 71
228 247
71 65
205 219
70 72
233 264
76 69
208 235
62 83
244 261
78 82
227 253
73 95
254 265
77 91
260 263
95 81
276 293
87 88
261 295
96 86
300 307
93 96
301 330
104 101
318 367
106 102
333 362
108 98
287 445
110 114
298 487
116 123
368 421
121 109
389 405
114 141
418 393
139 107
567 345
113 159
571 370
118 151
558 357
138 124
399 490
145 118
419 446
125 162
386 527
126 171
454 482
157 135
387 555
154 157
450 505
147 170
459 492
152 164
503 463
148 181
564 400
146 187
483 497
149 191
554 434
169 178
745 387
150 205
524 550
174 180
534 564
153 200
523 630
162 192
420 801
155 201
520 698
164 199
612 560
172 198
600 627
196 183
582 616
186 193
650 598
159 221
601 664
170 214
636 684
194 206
702 562
160 229
639 702
179 217
623 658
184 212
826 551
185 216
690 646
166 251
664 704
204 218
693 663
213 220
580 853
199 243
595 844
218 225
655 754
187 270
728 666
215 238
657 756
209 250
712 696
203 260
765 733
206 258
729 786
242 224
698 877
230 254
794 735
207 284
847 772
220 262
811 741
238 252
808 806
211 289
824 812
240 290
748 912
251 273
853 826
249 280
790 909
252 271
825 897
247 292
928 832
262 268
929 843
255 298
931 961
340 239
905 881
267 287
992 1011
246 318
920 908
263 302
972 1109
390 236
859 984
265 309
955 1129
257 321
814 1107
245 349
280 303
1018 1026
286 299
271 320
1013 1112
250 375
302 305
1059 1059
270 337
288 315
1074 1096
306 308
277 327
343 283
294 336
305 331
284 355
303 340
293 358
321 317
316 339
320 332
272 394
307 365
304 373
278 385
326 351
282 396
313 380
328 360
258 472
331 364
334 363
351 344
380 346
353 369
314 402
308 426
291 456
360 379
367 381
345 399
329 436
339 427
373 390
426 378
491 359
396 397
421 382
381 435
435 391
409 424
383 457
398 441
439 409
347 498
444 422
473 411
469 417
436 438
457 432
496 392
403 471
428 451
458 452
377 531
495 440
417 486
342 590
471 466
430 478
456 479
429 503
464 475
400 536
443 515
504 473
501 480
512 477
551 448
462 571
507 519
516 517
519 516
511 522
543 504
513 534
562 484
530 521
413 689
411 706
538 523
465 640
437 686
448 687
502 585
509 576
498 618
521 588
532 583
484 695
518 611
579 542
569 552
568 556
588 545
546 595
611 544
684 494
540 629
529 667
598 568
605 574
526 720
549 668
721 514
573 676
709 537
628 606
597 665
620 637
604 679
711 558
630 645
660 628
716 578
767 554
584 743
644 660
608 723
719 589
572 776
713 612
696 625
653 703
669 681
800 582
668 715
652 737
642 757
763 622
734 656
656 749
649 770
727 688
691 734
599 910
658 809
559 1032
670 793
665 817
619 950
740 745
633 919
679 852
710 798
661 907
819 725
694 858
672 913
898 711
675 938
949 673
697 917
759 819
743 854
732 868
753 849
821 797
882 765
820 811
855 791
817 820
890 774
739 977
816 869
849 845
897 802
877 822
866 840
776 962
945 782
862 864
848 889
749 1031
887 884
737 1082
860 953
842 980
832 992
786 1038
980 841
888 946
1046 800
869 991
1039 831
901 967
787 1098
964 911
985 902
876 1021
935 979
917 996
843 1083
872 1050
806 1124
891 1036
854 1089
1025 918
907 1030
846 1106
983 964
904 1048
965 1007
895 1102
923 1074
934 1084
925 1108
962 1116
998 1077
1005 1100
1042 1117
198243835 860836826
1
sift 446
84 91
15 14
4 3
51 47
43 43
12 9
99 94
64 69
13 11
74 65
75 75
16 13
119 126
82 85
23 25
86 83
94 95
31 29
273 318
107 101
36 28
301 265
111 115
34 31
556 458
130 154
26 40
450 497
136 151
33 34
647 481
137 161
41 35
523 464
142 170
37 42
583 628
140 193
40 44
636 611
156 179
42 46
688 670
163 214
55 41
638 686
176 205
53 55
999 773
177 220
62 59
580 769
208 243
68 66
1036 923
227 240
70 68
698 855
228 241
73 71
226 247
77 64
790 778
233 244
71 73
224 262
78 81
880 875
244 258
98 63
266 255
67 106
298 248
90 84
261 286
87 89
260 301
96 99
300 341
95 105
309 389
106 103
386 343
104 107
389 381
114 97
376 401
102 122
368 409
108 110
399 422
110 111
408 444
109 117
419 460
117 114
483 462
116 124
492 546
126 112
460 475
121 132
420 627
124 125
534 520
118 162
524 532
135 146
481 625
149 139
418 738
146 160
612 523
148 159
617 540
150 156
558 590
159 148
554 600
216 118
567 589
172 144
520 683
154 163
595 594
139 184
622 603
143 173
600 646
180 150
607 651
158 167
623 630
164 169
657 641
152 185
655 665
162 182
731 599
187 168
748 721
145 207
693 800
166 190
859 706
138 227
853 716
169 208
690 878
185 194
825 747
179 204
824 750
174 210
651 1005
199 202
808 768
197 203
765 863
231 181
902 766
203 206
955 780
178 229
813 937
188 219
811 966
206 211
941 885
204 217
972 849
215 213
920 918
211 216
905 939
209 234
929 926
258 201
943 1014
213 230
992 981
214 238
1013 974
207 257
1059 1037
240 224
1017 1074
218 270
248 231
246 242
230 266
247 250
249 260
255 253
252 268
257 263
265 256
245 283
272 254
242 308
290 261
263 296
277 277
270 288
262 299
267 293
278 289
303 281
343 249
292 292
241 378
304 287
285 305
293 303
282 309
280 313
311 291
253 357
275 331
288 333
294 326
271 360
313 310
302 336
339 297
305 344
307 348
338 317
308 355
316 354
320 345
349 328
365 322
347 340
315 383
329 368
332 363
411 315
367 346
326 385
334 377
323 390
413 332
592 267
410 334
361 362
342 382
383 371
398 356
395 367
351 394
321 439
456 352
400 386
403 388
453 379
345 452
393 421
396 429
430 402
443 403
417 417
439 407
451 426
401 443
436 435
486 412
462 430
559 369
452 436
484 425
428 442
502 410
509 414
429 457
473 446
495 434
392 500
532 418
435 482
593 393
397 529
465 476
441 496
464 488
490 471
608 415
496 480
501 483
516 472
434 564
533 466
457 554
563 451
514 495
469 555
506 504
513 499
528 487
487 541
497 526
529 498
519 512
530 511
569 470
549 493
572 473
522 522
507 542
557 489
546 508
511 553
548 518
552 517
604 485
551 538
588 502
565 530
543 566
568 536
597 524
672 478
579 565
573 573
627 535
584 576
630 547
591 587
599 588
538 688
620 583
618 592
738 505
641 591
676 570
713 548
643 612
589 681
619 656
602 677
656 613
649 626
634 663
653 648
680 616
668 640
644 671
774 581
652 694
665 680
606 775
684 689
675 709
585 851
706 695
683 726
865 605
786 658
836 635
749 682
834 647
750 693
911 606
727 732
753 711
719 751
801 691
863 673
743 749
763 739
781 742
640 956
716 817
710 835
734 798
788 745
858 713
704 897
841 746
807 765
890 728
747 858
767 839
820 787
843 776
921 741
855 783
711 971
848 801
821 833
979 724
835 824
917 764
778 906
792 887
783 908
888 795
806 877
817 867
787 913
1023 729
846 853
850 859
838 883
854 870
988 753
819 910
866 864
776 968
903 826
912 832
1010 760
925 842
904 854
1049 755
951 825
872 911
1016 785
923 888
1012 807
881 948
895 928
1041 790
901 927
962 889
1025 846
1048 836
1029 860
958 929
983 917
960 961
885 1051
886 1053
1000 955
891 1063
1054 904
932 1027
965 1004
1030 986
1005 1009
985 1043
1063 979
1058 996
1044 1026
964 1077
1009 1075
198243835 1124316966
1
sift 120
99 113
39 31
41 32
699 547
33 42
119 153
64 60
46 37
612 670
53 43
165 212
75 58
59 64
803 621
68 62
583 515
74 89
71 70
94 71
556 599
82 88
93 86
111 72
685 549
86 116
104 82
121 115
1036 693
130 136
148 133
136 156
163 143
164 171
156 158
208 154
150 219
204 187
228 221
230 185
260 207
261 231
294 222
233 272
389 307
302 246
270 282
399 340
316 248
303 369
419 342
338 333
458 281
408 355
436 331
503 314
450 361
501 347
454 391
459 389
434 411
522 373
420 464
469 450
479 417
554 358
538 379
524 393
520 397
543 388
534 445
650 407
452 569
529 496
600 487
579 430
713 368
623 470
630 426
670 415
728 399
1040 322
716 404
729 405
652 477
601 535
664 522
598 585
696 488
686 511
743 458
819 423
595 649
619 617
762 494
745 545
1033 462
567 741
698 594
800 567
867 518
794 566
767 635
690 709
765 639
820 642
825 638
859 629
986 574
790 702
905 619
886 660
814 690
884 666
887 720
920 650
943 732
923 727
983 682
1055 657
1042 683
198243835 1249130758
1
sift 383
84 87
74 65
13 10
44 50
64 71
16 9
99 85
75 76
22 24
86 73
82 81
23 28
119 129
94 104
27 31
107 107
103 112
31 32
165 179
97 120
34 33
301 265
111 125
26 39
556 342
130 154
33 34
368 418
136 163
36 41
406 435
205 128
37 42
450 477
142 171
49 40
583 558
156 174
55 36
612 628
163 211
42 49
647 647
177 227
59 51
595 671
208 205
53 57
688 615
233 239
62 58
580 699
227 252
98 52
685 778
226 266
68 69
723 572
224 269
73 70
999 1044
298 255
77 66
636 676
260 304
70 78
1036 1029
312 279
71 75
698 709
300 346
78 98
318 365
90 82
638 863
309 397
87 91
389 384
85 101
880 784
399 421
67 126
405 442
96 100
693 946
333 557
95 114
459 438
104 111
968 751
418 459
114 89
419 476
106 110
790 847
460 518
109 109
492 529
113 119
503 509
108 123
534 542
126 117
594 516
116 138
524 610
121 139
554 574
124 130
617 514
118 170
520 674
133 150
525 664
149 135
600 649
146 148
558 732
150 151
567 724
172 143
731 561
158 157
623 668
159 155
657 660
187 142
655 687
143 178
664 682
164 175
824 656
162 182
825 745
154 195
622 1002
152 198
859 796
157 194
902 781
139 222
808 867
145 213
813 888
206 165
857 927
179 190
765 1048
185 185
811 994
174 209
905 937
169 215
920 967
203 199
943 962
197 204
994 977
188 216
1013 1003
258 167
941 1067
204 217
215 206
207 228
214 218
211 225
209 251
231 231
213 254
240 232
246 240
245 246
247 250
255 256
257 261
249 268
290 243
230 309
252 275
267 272
251 296
262 284
270 282
280 271
278 287
303 280
242 351
291 292
304 294
282 310
314 290
311 297
275 323
343 270
339 276
313 305
302 316
308 313
263 379
294 331
288 339
286 341
306 329
307 334
305 345
338 318
347 315
320 330
316 366
342 332
410 311
334 353
367 327
383 338
413 324
329 391
365 375
401 354
326 420
446 343
403 363
453 349
400 383
351 408
456 364
377 430
332 483
502 359
345 460
452 395
509 361
396 429
443 402
315 566
444 422
430 427
436 437
532 388
471 425
429 447
428 457
593 372
434 465
546 399
495 440
484 452
435 490
497 443
462 475
518 432
464 489
422 512
526 434
563 414
490 486
513 453
465 522
501 492
392 622
633 404
458 560
487 543
529 497
533 501
572 456
540 499
496 554
506 544
457 620
599 458
786 394
662 436
469 633
569 495
530 540
604 471
632 461
543 550
738 423
507 606
610 498
549 547
574 530
591 526
672 467
552 580
619 524
565 578
568 597
511 700
579 585
519 690
597 599
641 583
538 737
654 596
562 730
682 595
717 573
661 621
649 644
630 673
620 685
602 715
598 725
656 669
696 625
865 537
683 655
750 591
653 693
911 532
713 634
578 806
644 746
763 632
652 739
807 608
836 604
740 670
665 740
606 812
739 684
668 752
805 635
774 666
675 748
692 743
851 641
938 629
801 707
885 667
680 810
697 802
945 653
1049 613
971 659
710 838
1012 679
817 783
716 883
767 840
841 797
843 800
778 833
846 798
932 771
830 823
781 868
821 836
888 815
806 861
951 788
776 912
1026 767
934 820
856 881
923 831
862 882
872 876
878 874
895 870
901 862
854 916
881 901
835 984
917 906
921 907
904 925
988 895
960 966
866 1060
962 986
886 1059
1009 947
1003 975
925 1051
1044 940
919 1070
1005 1073
1048 1063
1041 1084
198243835 1581090896
1
sift 321
84 75
10 2
13 7
74 68
75 84
23 29
99 99
64 80
27 27
86 86
82 92
31 33
119 133
94 103
34 30
107 117
103 120
33 36
165 134
130 154
37 48
136 160
137 158
49 39
273 321
205 131
40 54
176 194
156 166
42 56
615 428
177 245
59 58
301 258
148 195
53 67
583 594
233 238
62 60
357 391
228 249
60 72
647 571
227 256
77 66
450 499
224 265
68 76
688 640
226 266
72 81
524 590
298 239
78 97
685 722
260 302
90 87
612 555
302 282
87 95
999 864
389 374
93 100
622 610
305 348
115 78
1036 1027
309 493
106 110
580 674
459 425
109 102
554 381
104 119
636 622
418 482
95 132
419 484
117 111
639 813
567 417
108 126
617 409
126 106
693 840
492 516
116 135
503 531
124 129
790 784
534 549
121 139
571 507
118 153
698 894
558 546
149 121
420 759
133 152
861 918
731 461
187 123
600 629
150 143
1017 1057
543 682
146 147
655 582
159 136
623 651
153 148
892 523
172 144
637 806
158 162
825 699
154 176
657 920
143 192
902 720
164 172
859 772
162 181
729 872
179 180
767 882
152 203
808 877
185 185
813 887
203 171
794 923
206 183
811 908
169 221
765 971
188 207
897 895
174 237
992 854
204 210
920 932
184 253
943 914
211 212
905 955
207 248
1013 929
240 209
994 952
215 252
941 1047
255 208
972 1085
223 250
246 223
213 291
265 244
252 262
290 228
372 200
249 278
270 271
278 264
230 338
267 293
314 254
311 272
282 296
303 284
308 283
339 257
304 288
275 304
313 297
347 281
288 324
306 314
337 300
294 326
341 299
338 311
320 341
331 337
453 301
316 385
342 359
332 386
447 317
383 365
403 358
486 331
430 362
434 375
509 329
431 377
351 450
444 403
526 372
484 396
532 379
436 419
428 421
429 429
396 473
345 540
462 432
439 453
495 443
473 475
513 424
392 550
465 519
533 446
599 404
435 547
501 495
516 480
469 562
540 486
496 539
604 437
507 536
572 465
549 494
738 395
565 503
531 548
457 652
506 585
562 520
591 514
593 513
672 466
588 532
641 497
717 456
522 628
724 470
628 560
764 481
911 436
568 633
584 615
602 609
579 648
865 479
630 599
749 522
538 750
774 533
619 653
682 602
732 575
656 639
634 698
555 796
606 736
668 675
653 700
713 637
763 603
585 779
696 654
683 687
675 714
680 715
739 676
751 663
666 747
801 624
762 685
753 725
775 712
843 677
778 718
771 726
704 786
885 680
846 706
719 794
743 792
1012 645
951 686
858 731
965 683
710 829
932 710
786 793
817 774
820 781
806 795
835 787
988 730
895 775
788 845
923 763
1003 735
821 855
912 799
903 802
787 919
856 866
934 801
750 1004
854 916
904 884
901 900
987 826
866 960
1027 832
878 970
848 1000
1044 844
1010 905
1029 917
1058 935
998 996
960 1064
1042 993
1005 1055
198243835 1763636214
1
sift 174
647 502
74 60
42 56
64 74
46 57
40 70
583 569
82 78
87 90
86 75
94 101
85 93
688 615
111 122
104 107
130 154
95 147
126 87
685 734
136 146
124 144
156 149
148 132
150 142
999 729
161 164
164 141
208 246
154 231
203 140
1036 1055
226 277
172 167
301 253
169 267
179 173
260 298
200 168
300 407
204 227
246 190
389 330
240 198
357 371
302 289
255 196
386 357
314 206
369 394
306 314
278 222
309 501
347 213
376 420
275 358
337 226
554 334
303 248
459 418
305 346
311 241
366 539
249 306
450 458
320 337
270 297
419 551
310 292
534 494
436 538
365 259
723 398
313 305
614 484
392 592
447 266
571 518
486 283
525 576
501 515
510 285
420 755
342 389
558 573
469 603
383 351
524 623
332 444
655 562
512 590
431 399
600 620
532 345
636 599
669 457
452 408
567 785
429 445
657 668
496 675
604 368
825 644
672 333
729 736
511 722
428 508
580 1024
506 519
880 665
538 797
572 486
790 728
549 516
638 1083
543 819
565 505
698 1018
628 490
813 881
819 713
574 536
824 913
531 585
808 972
704 877
588 607
943 841
658 582
859 923
800 828
630 621
867 1029
602 706
1013 921
767 861
858 554
972 969
830 565
905 1049
823 963
653 674
920 1044
753 597
794 1192
849 1016
1012 511
1074 1171
668 667
1068 1006
675 669
737 688
739 690
863 633
835 663
843 662
806 687
951 627
1003 630
778 757
900 684
911 711
670 903
665 928
817 800
786 893
923 906
901 939
932 922
872 1065
848 1124
1010 958
1027 1039
998 1167
1009 1169
198243835 1835742160
1
sift 57
130 134
85 71
156 117
148 66
124 133
177 221
108 138
260 245
164 129
272 83
389 251
179 141
376 288
204 185
150 162
309 366
246 156
459 325
306 264
265 216
419 410
486 194
600 500
320 263
313 284
420 766
431 229
554 546
436 387
724 208
825 503
749 254
729 749
543 350
628 298
857 853
428 405
1014 741
496 560
452 422
572 446
694 431
787 393
531 625
767 435
668 491
512 671
538 788
952 390
739 486
800 812
619 573
597 767
849 864
973 703
1044 727
819 1029
198243835 1895226176
1
sift 99
111 113
40 81
130 139
95 163
85 80
161 118
87 82
156 130
164 129
124 148
177 278
150 143
260 284
154 233
272 104
244 359
173 133
389 303
204 237
179 152
459 397
246 167
419 475
302 250
234 197
492 483
292 191
524 462
306 305
314 185
420 655
278 203
600 524
305 320
311 207
554 688
184 342
657 613
320 318
313 271
825 553
486 221
824 630
436 464
447 229
712 858
316 341
859 798
501 426
724 263
857 816
672 292
972 759
543 445
452 392
1014 799
495 387
920 875
496 668
428 427
906 946
429 444
794 1085
538 663
911 323
963 1061
628 404
767 490
858 371
531 508
694 529
572 526
753 468
511 744
830 449
512 747
800 852
863 467
739 513
1068 772
737 515
630 606
819 1031
835 507
675 590
849 1000
602 677
1003 476
653 632
668 627
806 547
951 525
844 562
662 725
665 896
1044 633
973 697
923 957
904 994
