265106419 424891007
1
sift 203
101 106
5 4
18 19
7 20
30 31
56 68
36 37
45 33
60 63
54 48
66 50
97 87
58 71
62 66
99 103
93 69
67 85
100 128
64 99
86 78
115 138
70 89
95 77
137 155
75 105
78 101
153 150
91 122
109 109
123 185
98 124
129 127
156 186
102 164
126 149
207 247
136 143
119 170
242 264
155 141
125 192
235 293
106 239
138 179
323 286
142 181
130 194
341 367
159 182
135 219
336 434
176 193
222 172
380 442
192 198
161 234
452 421
195 205
182 225
365 505
186 238
173 255
396 497
166 266
200 224
407 482
183 254
198 243
438 490
231 216
218 228
414 550
210 257
209 263
479 492
219 253
221 280
405 564
206 336
228 295
427 591
243 305
263 298
417 646
251 339
304 304
454 599
267 331
272 337
541 551
273 345
293 332
587 529
337 309
305 340
461 651
303 358
279 412
471 627
322 397
302 446
559 560
296 452
314 447
482 663
326 463
308 473
441 756
392 386
467 366
573 593
328 493
384 468
507 704
443 425
495 417
524 684
391 504
357 557
743 520
413 491
624 387
539 707
490 457
356 636
483 813
375 594
366 612
603 696
478 499
403 558
592 733
370 626
425 554
649 702
371 647
513 498
496 915
374 709
387 675
535 853
348 810
418 622
626 754
395 673
476 565
585 790
565 528
432 666
581 806
424 691
509 578
574 816
433 686
456 658
667 826
466 645
457 667
697 897
394 787
623 545
745 812
410 793
653 542
601 582
555 613
473 737
393 962
564 664
639 609
580 695
493 799
553 728
630 669
526 782
595 731
542 801
645 715
450 1041
502 922
712 708
548 893
590 830
503 999
618 811
568 938
636 860
632 881
640 884
538 1048
575 1008
693 906
648 983
722 865
570 1118
679 972
692 950
657 1065
742 964
674 1125
683 1124
732 1040
754 1101
265106419 860836826
1
sift 117
101 101
5 3
97 83
56 75
30 35
45 34
153 126
60 69
58 66
62 74
335 349
86 67
78 107
67 95
365 497
95 85
138 92
155 97
524 611
100 170
102 185
125 146
527 660
126 153
142 159
147 151
573 628
137 161
192 144
130 193
535 769
156 179
195 156
186 213
649 687
210 223
183 266
182 270
242 244
224 238
221 260
209 301
206 326
263 253
227 389
272 288
337 256
329 381
243 336
305 281
302 460
251 354
279 312
273 589
267 344
293 345
361 444
322 429
491 370
452 409
421 440
438 422
380 461
339 544
355 522
405 520
366 548
580 425
414 532
633 412
391 566
461 501
387 572
457 498
441 641
413 551
466 547
427 657
495 555
502 558
456 630
723 454
738 449
559 523
623 502
629 513
471 646
511 597
473 694
482 800
653 565
553 650
454 1005
425 839
474 749
581 768
393 968
493 771
592 863
509 817
692 656
697 747
538 854
618 787
687 840
683 877
745 750
632 939
586 1024
593 1034
679 988
634 1053
744 886
742 917
716 1060
755 1009
746 1075
265106419 1124316966
1
sift 315
42 31
0 1
47 56
5 7
101 108
7 8
559 670
8 15
10 13
11 16
14 20
17 25
23 24
31 28
26 30
30 32
36 36
37 37
44 38
45 42
39 49
50 43
48 53
54 67
56 58
59 59
57 63
60 60
55 75
66 65
62 69
64 72
67 71
70 73
68 81
65 95
76 80
87 77
78 82
81 83
89 79
86 91
95 88
85 101
94 102
92 107
100 93
106 92
98 104
97 116
99 113
107 106
102 112
105 117
109 115
120 97
114 110
112 124
133 125
124 131
126 135
123 143
122 146
142 133
131 147
129 151
136 145
135 149
125 155
143 144
140 150
147 156
153 153
145 157
165 141
144 164
152 159
156 158
178 152
189 148
150 174
164 160
158 167
159 168
154 188
172 172
182 180
213 161
183 185
177 190
197 183
180 200
184 197
200 184
179 204
190 193
176 225
212 191
195 219
187 235
209 207
218 195
210 213
207 221
206 222
276 179
216 210
246 192
224 224
220 226
219 234
228 231
230 227
255 211
229 237
235 238
236 239
238 241
198 308
231 251
232 250
247 244
217 285
243 246
225 270
251 248
233 261
242 272
254 266
222 330
239 297
285 254
257 291
268 276
280 260
267 279
287 263
277 274
272 282
260 301
289 269
262 303
313 265
296 281
323 273
316 278
263 341
308 298
322 295
319 304
298 326
311 318
329 307
302 342
294 344
326 314
328 315
279 366
335 309
306 354
332 346
305 369
271 419
357 317
350 327
336 358
373 313
339 360
400 299
383 322
343 370
385 338
361 355
333 398
380 348
355 373
365 361
366 368
431 320
382 362
375 371
354 394
331 457
348 410
438 340
424 351
460 329
409 365
363 411
371 396
391 388
401 376
407 391
394 406
414 393
419 402
521 352
410 415
393 440
396 439
432 399
421 414
405 445
384 494
479 389
454 408
429 417
443 416
482 392
397 491
427 444
466 426
452 453
462 437
509 404
456 470
468 461
500 428
474 458
503 435
457 496
473 477
495 450
358 684
501 446
470 484
469 489
471 487
505 460
450 526
418 565
492 475
428 571
507 522
572 465
517 510
510 518
425 635
568 482
574 472
448 609
493 543
478 569
653 430
562 503
504 561
689 431
524 539
590 498
483 587
551 519
417 709
549 532
486 594
573 515
538 548
539 549
532 557
490 596
511 581
619 508
564 535
613 511
593 525
496 618
536 577
472 677
703 473
705 483
627 530
570 563
607 542
548 590
694 499
624 545
600 568
666 524
477 726
550 626
586 612
576 614
560 658
571 656
658 573
617 611
592 639
664 585
626 615
632 619
648 606
618 642
628 643
634 660
654 633
580 707
680 625
692 617
565 735
623 688
717 608
697 638
663 678
693 661
716 622
662 689
670 687
610 737
672 705
727 666
709 725
742 682
738 701
740 704
718 729
710 740
265106419 1249130758
1
sift 103
101 107
45 34
97 73
56 76
58 69
60 71
153 129
86 60
62 74
67 104
365 477
95 81
78 111
100 112
452 418
126 153
155 89
119 150
461 539
147 163
102 198
125 182
573 558
156 174
193 144
159 176
486 709
242 239
195 151
138 210
559 628
209 304
224 218
208 264
524 676
329 384
183 309
221 268
535 699
302 476
263 256
206 331
527 706
326 509
272 282
243 316
539 778
438 421
305 280
267 345
585 805
273 724
277 350
293 330
649 864
479 438
463 292
322 429
380 563
339 484
296 560
405 542
363 465
497 398
414 610
384 503
391 550
441 660
370 576
356 735
456 668
357 738
738 427
471 649
476 658
495 633
507 682
692 524
526 653
736 557
473 739
653 585
745 656
393 912
664 725
520 918
509 883
460 1060
581 867
550 890
538 925
632 937
640 827
720 771
686 889
679 880
592 1048
687 985
643 1013
634 1059
746 947
716 1039
755 1073
265106419 1350020634
1
sift 55
101 86
25 30
97 98
100 48
62 69
153 158
57 79
66 93
197 206
78 145
126 101
535 736
123 106
102 176
137 134
147 144
156 149
129 225
200 171
182 197
180 210
221 356
206 412
251 366
229 403
345 285
319 384
296 421
371 349
438 325
603 307
405 407
482 383
370 482
393 458
505 387
456 424
471 420
510 427
626 381
592 433
450 515
479 489
355 767
559 475
507 519
697 492
474 703
686 562
410 935
493 877
650 656
586 826
628 915
718 889
265106419 1581090896
1
sift 76
58 76
60 80
86 65
62 81
67 103
97 86
95 92
78 119
100 120
153 133
135 131
102 203
126 155
147 160
137 158
159 173
156 166
335 391
130 201
176 165
142 195
452 369
242 238
221 278
209 302
365 499
243 282
206 326
181 398
461 527
273 330
272 271
305 284
414 590
267 348
277 352
293 341
524 622
329 374
363 375
302 484
496 667
326 531
322 473
491 366
573 594
421 410
370 485
339 566
535 674
479 425
355 628
405 549
539 722
391 682
384 685
495 562
482 840
456 651
511 572
471 629
649 813
687 742
502 681
653 648
581 877
692 653
640 769
592 971
683 795
658 826
632 955
722 1015
686 888
716 1035
755 1055
