294171242 326472230
1
sift 239
41 33
15 18
438 345
218 177
24 24
255 189
32 29
295 224
44 30
647 301
48 34
963 981
39 43
728 666
51 36
66 47
937 604
65 53
92 62
952 674
98 80
118 69
1081 773
114 76
131 73
116 84
152 82
139 94
183 81
192 85
156 111
201 87
228 86
153 148
199 118
248 97
173 145
175 154
202 126
223 116
207 131
242 137
258 138
230 153
237 165
309 135
260 160
259 167
241 199
284 168
290 174
302 172
294 194
333 186
343 187
328 233
322 245
358 210
356 215
334 240
421 196
299 315
418 201
315 284
392 228
404 230
325 296
362 268
475 222
807 170
412 265
628 202
365 326
337 395
493 267
407 320
701 239
515 286
562 281
636 278
511 324
459 363
552 307
651 285
474 375
629 298
677 289
663 306
444 451
616 353
710 338
689 351
851 303
594 432
747 362
579 446
610 433
954 318
657 422
622 464
874 365
768 428
755 445
690 482
777 436
795 430
733 486
708 505
873 405
824 448
697 555
919 409
1051 380
618 653
814 480
1050 387
742 549
604 691
982 427
607 718
1031 417
776 567
943 454
772 571
591 761
1124 400
737 608
968 459
895 519
893 538
789 634
753 685
1135 463
960 532
767 692
896 574
921 569
773 719
925 586
965 570
1036 565
1187 510
1094 573
1106 576
1026 613
1426 465
1198 544
974 670
1064 633
1059 650
978 704
1048 661
1012 712
936 762
756 1037
1171 637
801 950
835 911
1130 679
1220 619
1057 724
1415 556
1099 720
1244 644
1044 790
1091 775
1207 687
838 1018
1148 752
1417 610
1088 834
1080 855
1027 879
1490 623
933 970
966 971
885 1118
1253 744
1180 812
1398 675
909 1112
1285 754
1010 993
1322 756
1451 701
1368 728
1084 959
1371 753
904 1232
1739 651
1454 751
1020 1150
1231 877
1712 686
1363 826
1137 1027
1230 927
1438 818
1164 1005
1668 750
1319 918
1749 735
1381 881
1793 732
1401 908
1222 1106
1342 982
1376 958
1770 807
1504 919
1155 1276
1387 996
1745 854
1200 1255
1409 1010
1505 963
1380 1050
1626 921
1255 1223
1404 1070
1572 1031
1315 1290
1389 1245
1634 1071
1643 1117
1661 1152
1785 1073
1850 1013
1777 1125
1818 1086
1681 1211
1888 1056
1608 1314
1600 1359
1732 1319
1838 1230
1843 1254
1869 1374
1913 1387
294171242 570539746
1
sift 268
155 141
41 67
3 7
355 289
255 312
15 18
368 419
295 332
24 27
709 523
347 475
31 45
411 501
438 653
49 54
718 581
749 417
56 68
575 507
420 753
66 94
842 689
551 568
92 112
1042 649
728 675
98 116
811 804
586 824
101 120
866 759
845 990
109 122
940 733
799 826
95 148
784 878
764 1242
116 135
1076 734
870 1011
114 146
875 969
831 1105
133 166
1356 874
1033 949
139 156
1134 937
1104 1129
144 174
1428 1265
936 1083
153 179
1483 1091
963 1294
121 237
1229 1475
1055 1216
181 152
1666 1078
1045 1218
175 165
1416 1295
1009 1637
152 216
1399 1732
952 1352
161 234
1433 1714
1365 1168
207 188
1788 1443
1128 1367
163 287
1752 1534
1190 1491
176 256
1205 1688
202 201
1348 1324
184 269
1518 1812
183 273
1129 1799
213 252
199 300
1773 1257
231 246
203 285
1539 1580
230 272
241 283
238 311
240 336
242 352
201 454
281 308
289 307
267 323
299 298
286 317
260 373
290 354
294 358
265 382
284 387
278 400
325 346
335 357
323 383
321 394
311 423
259 555
365 404
334 460
263 706
313 542
375 433
362 513
333 611
402 477
407 487
395 521
456 505
433 538
486 489
427 570
474 526
463 593
537 525
506 572
465 643
507 603
598 537
404 838
524 659
560 619
519 712
493 756
610 616
515 794
685 599
618 667
620 666
508 827
429 1094
691 687
511 933
716 699
624 798
604 817
727 713
576 863
740 736
563 988
609 907
778 740
616 920
861 660
756 790
812 727
672 884
644 932
789 783
654 956
690 917
590 1131
697 935
708 921
783 832
662 1052
742 934
751 929
767 927
753 968
772 928
717 1157
974 812
824 961
882 925
835 1006
838 1022
608 1546
959 903
1010 867
902 966
972 939
652 1548
1062 875
765 1303
1077 891
820 1170
1008 962
636 1724
941 1027
964 1016
701 1508
953 1049
737 1468
1092 943
1097 973
921 1127
917 1179
901 1194
991 1123
1017 1139
904 1238
1029 1142
968 1201
903 1290
1036 1162
1023 1187
1099 1153
1044 1202
1137 1140
1096 1186
1172 1103
1192 1090
1140 1167
1122 1220
1231 1113
1164 1183
1001 1417
1244 1141
1130 1274
1064 1394
970 1529
1195 1258
1037 1503
1223 1252
1002 1606
1165 1328
1091 1502
1260 1272
1157 1391
1113 1484
1235 1311
1240 1305
1317 1235
1543 1151
1304 1323
1404 1226
1440 1214
1018 1806
1159 1723
1340 1495
1473 1363
1675 1269
1498 1439
1381 1551
1532 1431
1650 1360
1574 1447
1733 1372
1506 1583
1586 1501
1438 1681
1435 1683
1598 1496
1740 1412
1519 1640
1732 1507
1608 1660
1751 1656
1695 1748
1863 1614
1913 1804
294171242 753120338
1
sift 239
798 1085
171 204
24 37
343 310
32 39
295 397
40 45
334 350
38 48
586 627
37 54
604 754
44 57
831 751
66 76
618 764
74 139
845 1033
92 107
591 860
111 83
1009 1455
94 110
756 1170
100 128
114 122
920 888
131 106
118 130
130 123
124 138
144 125
139 147
168 132
163 140
183 129
179 152
177 168
156 207
194 163
175 211
191 195
207 169
186 214
199 202
242 201
230 221
263 212
237 239
288 220
259 235
241 279
260 252
284 270
294 261
290 265
302 268
289 291
301 289
342 269
312 298
358 275
299 348
333 323
315 365
481 264
421 303
397 335
303 504
409 334
338 438
321 513
440 373
407 401
493 366
404 452
569 355
475 427
525 400
1064 272
639 353
396 527
492 435
628 369
679 361
473 482
459 512
462 553
543 465
542 480
515 515
474 588
552 494
446 626
652 459
486 594
598 493
594 497
668 460
635 491
642 503
590 565
646 557
743 509
708 572
666 601
733 566
623 636
609 647
690 615
791 550
616 688
746 607
851 538
742 653
566 902
644 790
835 631
772 689
697 792
830 671
737 778
765 753
753 767
789 731
1050 603
805 730
824 706
1149 582
816 732
767 816
946 728
964 743
853 840
808 918
970 771
921 845
980 813
959 869
1219 708
1091 815
974 924
933 957
1097 851
1132 825
978 939
1026 904
1053 890
1130 839
877 1068
1106 886
991 984
1184 838
943 1041
987 1015
945 1054
1085 954
1187 874
1010 1043
1252 837
1020 1029
1115 961
1173 913
1377 773
1273 871
1686 717
1052 1136
1220 944
911 1312
1207 974
1257 951
1080 1161
1192 1000
1137 1089
1044 1231
1088 1204
1034 1268
1231 1024
1343 963
1195 1098
1172 1149
1164 1154
1401 950
990 1414
1438 952
1700 864
1426 967
1222 1140
1631 897
1309 1067
1512 941
1799 850
1668 906
1563 947
1368 1044
1479 977
1634 935
1159 1309
1532 973
972 1465
1694 936
1490 1036
1313 1215
1315 1227
1566 1039
1439 1153
1762 979
1223 1396
1387 1214
1381 1242
1797 991
1455 1202
1362 1279
1342 1359
1745 1066
1389 1313
1712 1142
1679 1188
1884 1030
1658 1223
1840 1092
1800 1133
1793 1137
1470 1347
1802 1152
1498 1367
1491 1379
1404 1458
1772 1290
1661 1388
1866 1280
1770 1403
1714 1445
1789 1435
1784 1442
1863 1400
1685 1469
1913 1301
1803 1467
294171242 762030273
1
sift 158
368 325
41 61
24 36
364 330
39 56
575 521
171 399
49 54
347 379
86 71
1033 907
438 661
67 95
1129 339
80 84
1134 1030
420 796
76 103
845 932
92 102
728 629
98 98
936 971
101 105
831 1238
114 126
941 1045
139 128
764 1516
133 140
1009 1136
175 130
952 1639
181 132
1365 1260
161 174
1518 1369
207 160
1348 1295
183 268
1854 1750
231 197
1190 1534
230 215
241 239
1894 1289
281 253
286 271
294 287
290 317
289 321
260 380
315 285
321 286
265 403
335 276
325 303
284 402
362 416
334 510
462 354
486 427
427 531
433 532
456 526
506 501
474 542
407 655
342 1226
598 503
501 671
560 612
622 564
404 1054
610 605
538 698
519 730
740 554
691 616
616 687
618 714
451 1228
672 804
654 817
861 631
642 905
708 810
731 791
697 843
690 875
789 745
667 950
756 825
812 754
662 991
732 928
772 870
778 877
511 1708
753 1019
751 1101
774 1061
1010 768
1091 737
1008 802
737 1258
765 1197
808 1141
1077 856
824 1137
921 992
858 1106
835 1144
935 995
953 1018
1036 1039
964 1112
997 1117
1029 1113
1097 1069
1017 1185
1037 1167
904 1363
990 1272
1164 1075
1093 1176
1223 1009
978 1333
1024 1282
896 1484
1184 1127
917 1610
1234 1132
1044 1401
1231 1227
1121 1461
1532 1098
1192 1410
1260 1338
1593 1105
1200 1522
1215 1515
1137 1775
1373 1366
1718 1162
1195 1673
1353 1478
1440 1412
1328 1633
1311 1703
1636 1441
1608 1479
1557 1537
1411 1797
1803 1486
1772 1519
1692 1647
1777 1815
294171242 854684009
1
sift 157
256 214
18 19
295 251
24 28
586 358
44 34
1081 916
51 44
728 711
39 53
963 1042
66 50
845 1158
92 89
1833 1008
118 85
1045 1166
114 92
131 75
1128 1179
133 111
192 77
183 90
139 114
201 97
228 88
156 154
153 164
191 132
195 147
175 168
207 140
242 136
213 160
309 126
230 163
237 176
260 173
284 179
290 186
294 200
302 199
289 238
343 219
334 226
358 227
409 197
421 206
362 278
628 212
321 379
493 249
517 273
337 491
474 304
433 385
524 322
616 302
459 399
594 318
472 413
506 375
455 454
644 328
954 269
689 317
807 296
579 371
529 438
627 382
747 340
622 400
598 451
836 326
740 378
776 381
733 422
746 450
708 477
765 482
1124 344
610 608
895 429
604 670
772 510
1050 392
618 677
1135 373
697 601
824 507
1117 419
753 618
1022 466
1064 472
968 500
737 696
1176 449
1036 514
1187 474
767 764
921 621
1059 563
1426 461
1368 470
965 637
1130 557
942 664
896 712
1106 591
858 787
1220 528
909 755
774 971
1490 495
1417 519
959 794
1184 627
1099 752
1088 777
933 915
1263 700
994 927
1371 657
1253 730
1319 705
1044 917
911 1084
1313 725
1396 688
972 1091
1010 1061
1315 789
1712 645
1745 661
1137 1076
920 1238
1164 1027
1401 882
1566 841
1770 797
1838 774
1643 847
1215 1155
1342 1069
1223 1196
1495 1000
1411 1070
1504 1016
1634 987
1498 1146
1591 1109
1818 1003
1749 1066
1737 1101
1850 1089
1600 1234
1863 1133
294171242 1078683094
1
sift 494
170 139
26 21
9 15
359 311
1657 1430
12 12
198 173
41 42
11 16
352 315
10 18
200 184
236 202
15 17
461 428
20 19
217 175
218 218
27 22
842 680
24 25
225 203
255 197
31 28
30 32
245 219
295 235
34 37
36 36
249 224
364 353
39 41
40 39
276 236
400 337
48 40
51 45
336 283
438 374
49 48
59 46
330 292
510 355
78 44
61 51
348 296
586 465
62 53
56 54
439 373
647 477
65 55
66 57
419 391
728 766
80 62
74 68
531 455
831 725
73 82
98 70
567 517
937 706
92 79
101 75
707 447
845 862
99 80
118 78
700 562
939 903
103 85
113 84
597 698
806 1162
114 87
117 102
704 671
1112 822
138 86
125 95
758 712
1009 899
131 94
130 101
574 982
1045 895
140 100
152 96
798 784
883 1290
139 107
159 89
749 1003
884 1435
144 103
160 93
875 864
1205 973
132 128
150 110
796 1079
1615 1177
154 104
162 105
1033 807
1645 1478
153 122
176 125
1100 819
1879 1370
192 113
183 126
1005 932
190 123
175 132
1265 716
209 117
201 135
985 951
202 157
203 163
1042 918
243 142
207 165
1043 957
248 138
223 159
1101 1016
237 156
230 166
1087 1066
213 186
242 164
1120 1081
210 192
234 185
1133 1049
219 200
241 190
1297 1217
266 176
260 189
1403 1170
231 209
309 191
1483 1244
290 204
257 226
1388 1406
294 207
318 195
1666 1191
289 216
326 199
1656 1287
278 238
264 254
1592 1504
306 230
303 240
299 243
271 270
327 233
325 245
323 251
296 297
335 247
315 278
322 275
321 277
334 259
343 262
337 266
350 261
387 242
366 274
362 281
358 293
379 280
398 264
365 306
421 252
347 325
437 267
376 318
395 316
432 319
484 307
405 349
404 352
427 332
462 326
474 324
459 338
508 320
499 321
444 358
548 313
463 359
515 327
511 340
541 328
534 350
562 342
422 504
734 314
506 408
466 460
457 485
560 386
486 441
530 420
590 379
628 365
644 370
507 472
716 351
670 363
685 357
616 411
554 452
658 392
529 501
519 530
588 454
710 396
684 406
688 407
607 467
664 432
708 417
627 470
687 427
666 448
643 481
743 418
566 549
610 519
738 430
594 551
657 498
673 486
576 570
663 509
771 429
622 559
646 543
642 552
579 601
795 436
648 566
740 506
739 515
746 502
537 695
623 603
679 561
742 531
801 482
697 574
737 555
772 528
857 461
874 456
662 627
839 496
732 590
782 544
787 542
790 556
591 739
768 578
841 520
656 674
822 535
847 524
816 548
814 554
928 493
919 505
949 492
767 629
910 521
807 595
1008 491
719 688
770 636
1051 484
803 624
812 618
751 696
954 547
889 579
824 619
1077 508
933 564
878 596
943 571
776 701
765 726
881 626
702 856
838 669
836 672
756 795
944 614
930 621
921 628
865 661
896 645
1083 582
1036 600
887 660
848 707
913 649
916 662
974 643
1139 581
947 653
1105 605
876 718
1086 612
789 847
872 735
918 711
858 763
966 694
895 750
971 710
1127 638
1441 527
825 878
1056 702
877 839
903 821
1040 719
959 770
965 789
941 812
934 825
1020 748
1140 683
1064 732
914 845
1355 598
957 836
1176 679
1078 746
1168 689
1044 809
936 888
1029 829
1088 788
909 923
888 954
911 929
1080 820
1010 872
1290 684
1018 886
1037 875
1026 889
1012 910
1220 738
1244 727
1214 744
1055 921
1106 884
1211 787
1177 827
1236 762
1231 768
1116 885
1096 919
970 1021
1180 852
1114 911
1155 870
1113 939
1207 855
1091 969
1073 990
1187 877
972 1112
968 1126
1327 810
1505 721
1673 668
990 1171
1487 760
1174 976
1250 920
1152 1010
1511 782
1526 774
1164 1009
1412 838
1157 1032
1313 913
1148 1077
1315 925
1295 950
1230 1004
1222 1014
1285 974
1454 890
1217 1073
1258 1038
1427 937
1380 972
1590 879
1348 1000
1509 936
1361 1057
1404 1022
1190 1272
1381 1054
1223 1224
1379 1063
1363 1093
1514 979
1739 894
1371 1095
1713 909
1349 1119
1517 997
1247 1233
1508 1011
1808 887
1401 1107
1319 1197
1652 992
1340 1218
1175 1461
1636 1008
1293 1323
1650 1031
1869 917
1766 978
1552 1109
1634 1074
1479 1154
1686 1039
1438 1203
1457 1193
1333 1361
1795 995
1311 1402
1394 1280
1491 1204
1304 1425
1496 1215
1540 1180
1431 1297
1510 1243
1495 1263
1423 1350
1793 1083
1572 1225
1814 1088
1411 1385
1597 1242
1695 1172
1504 1341
1450 1380
1660 1213
1464 1372
1681 1201
1409 1426
1473 1375
1811 1123
1591 1288
1626 1283
1868 1096
1577 1328
1733 1200
1850 1127
1663 1286
1661 1296
1559 1371
1740 1253
1570 1414
1701 1310
1784 1256
1853 1214
1470 1498
1654 1429
1741 1357
1765 1397
1717 1447
1838 1391
1863 1431
1913 1194
294171242 1178269393
1
sift 393
155 136
255 336
15 19
198 173
217 186
12 25
314 282
438 519
27 28
355 290
368 398
24 30
359 331
420 683
31 42
352 346
411 407
37 47
419 363
633 694
39 50
544 425
575 526
49 56
531 432
831 898
56 68
477 498
749 453
66 80
536 482
845 904
86 71
718 684
804 1006
80 83
849 454
963 931
92 99
886 584
971 823
98 103
811 712
1009 1125
101 102
866 686
936 914
104 96
796 786
937 1282
154 73
842 748
1012 925
109 108
940 765
1128 1318
103 115
1076 730
1055 1013
113 129
1033 830
1280 1153
117 128
1043 842
1027 1185
116 131
1089 941
1518 1297
114 133
1087 982
1376 1120
125 125
1181 1166
1524 1608
133 137
1356 1021
1348 1179
131 140
1265 1230
1782 1403
118 157
1229 1327
1190 1413
139 146
1403 1231
1815 1623
144 155
1428 1280
1365 1358
122 175
1416 1298
153 152
1433 1435
1409 1322
150 162
1418 1536
175 147
1604 1424
1626 1235
152 174
1565 1493
161 189
1656 1596
1562 1338
156 214
1666 1439
163 213
1788 1475
1844 1507
184 197
176 222
202 178
207 183
183 226
177 273
220 199
203 216
209 229
244 208
230 223
199 279
195 293
219 237
241 224
179 360
201 319
257 234
242 265
238 277
223 340
267 262
286 252
281 268
260 318
239 364
294 298
299 300
290 316
289 321
284 333
278 353
325 314
296 347
321 320
259 410
266 396
369 284
302 382
311 368
323 357
335 343
313 421
334 411
356 385
243 783
347 406
374 366
343 424
379 374
362 415
328 464
365 426
467 342
350 469
301 711
407 408
342 558
389 440
444 405
395 446
462 402
414 437
440 429
433 447
456 445
358 672
466 465
486 449
391 595
427 529
474 478
463 531
421 585
404 646
499 509
506 502
490 554
480 581
524 544
441 669
566 497
450 670
617 491
507 601
555 549
508 605
475 665
616 537
529 628
451 761
620 547
511 689
685 506
519 692
538 671
553 636
565 633
669 555
627 602
664 571
618 620
681 573
635 614
717 578
653 676
740 592
665 664
708 618
682 652
592 740
642 714
654 705
644 723
691 704
667 721
761 653
690 716
590 821
573 846
609 808
672 768
549 946
733 724
731 738
782 700
687 803
778 727
933 608
662 860
767 760
783 766
756 793
632 993
812 754
753 831
591 1158
838 774
737 910
652 1110
1868 459
646 1154
824 829
636 1200
751 1004
1036 717
882 799
959 780
701 1134
697 1142
1077 744
921 822
1093 757
974 806
913 857
1001 809
1010 813
964 836
835 996
808 1048
911 882
970 856
902 915
906 932
917 927
872 997
935 930
1142 800
953 945
1208 772
1029 878
1017 885
1008 912
972 977
941 1018
1052 916
745 1408
1037 952
991 1007
897 1101
896 1109
1366 759
903 1095
1097 961
1064 1003
990 1067
1244 861
1023 1075
904 1204
1002 1138
1018 1130
1235 909
1140 1022
1021 1157
1096 1080
1088 1106
1044 1145
1193 1002
1164 1035
1130 1100
1146 1076
1231 999
945 1340
1223 1050
1272 1019
1071 1248
1169 1126
1290 1023
1155 1162
1137 1238
1165 1184
1492 1009
1320 1137
1159 1303
1194 1267
1268 1198
1240 1218
1138 1400
1113 1466
1258 1217
1340 1183
1129 1524
1091 1615
1389 1176
1187 1426
1192 1438
1315 1286
1608 1114
1293 1349
1317 1331
1295 1362
1350 1305
1203 1534
1540 1196
1328 1389
1222 1593
1236 1569
1373 1376
1253 1556
1230 1601
1172 1680
1535 1278
1304 1520
1401 1383
1184 1677
1382 1428
1498 1343
1438 1415
1566 1316
1420 1442
1395 1481
1733 1213
1586 1320
1662 1304
1506 1425
1772 1224
1784 1232
1646 1346
1311 1696
1660 1369
1654 1392
1411 1628
1593 1467
1598 1480
1557 1552
1532 1587
1749 1406
1361 1711
1544 1632
1628 1584
1732 1506
1803 1444
1612 1627
1473 1706
1695 1612
1835 1476
1751 1572
1491 1712
1758 1610
1567 1713
1814 1668
1888 1599
1913 1540
1911 1709
294171242 1499149563
1
sift 227
798 1082
218 221
15 17
1531 898
24 25
236 241
31 27
1549 1079
32 28
295 281
37 38
44 31
586 435
39 44
48 40
728 688
66 51
94 70
883 686
74 110
86 88
831 762
92 90
98 85
937 678
118 84
114 100
845 883
131 89
130 94
1009 959
108 119
133 105
1524 995
143 104
152 103
192 81
139 121
183 99
201 95
186 131
153 162
156 159
228 117
175 165
207 143
223 142
167 216
242 158
230 168
309 137
237 172
234 179
259 170
260 171
241 204
284 192
290 190
302 191
254 226
294 199
289 225
356 212
358 223
334 249
343 248
315 282
421 219
391 239
374 257
321 336
362 304
407 261
412 269
404 285
493 258
474 307
553 273
515 299
562 276
541 293
517 308
459 340
492 326
701 263
473 341
628 275
433 378
663 290
679 284
506 362
616 327
738 291
642 324
524 393
579 371
747 347
795 335
954 312
666 407
708 401
733 405
746 404
807 392
618 518
742 471
1050 366
622 564
1051 369
825 423
919 390
604 593
690 525
1132 363
1135 367
824 495
753 565
1036 428
835 505
1064 440
943 481
716 646
767 609
737 666
896 524
1686 360
1094 476
1026 510
1022 522
916 567
781 709
789 683
959 557
970 554
968 558
776 728
1220 475
858 649
756 801
1057 560
921 623
1091 562
1247 508
978 641
1187 542
974 655
1207 546
964 677
909 733
1106 625
1305 545
936 751
1172 604
823 892
1368 547
1244 584
1097 685
877 852
1426 539
1088 750
1236 645
1319 627
1322 633
890 953
1099 780
972 865
933 955
1044 837
1048 839
1080 836
1020 895
1010 921
911 1039
1315 697
1668 585
1342 710
1712 587
1169 832
1490 667
1137 903
1621 644
1567 668
1084 1026
1155 925
1215 854
1380 761
1313 809
1439 753
1627 694
1249 864
1222 907
1749 673
1401 808
1634 734
1451 796
1482 807
1558 783
1164 1103
1311 989
1793 746
1352 967
1479 877
1411 943
1371 981
1770 787
1520 914
1389 1016
1387 1040
1748 841
1404 1055
1814 823
1745 886
1682 942
1572 1050
1570 1067
1873 889
1685 1043
1643 1074
1818 962
1755 1031
1591 1139
1691 1088
1850 990
1838 1023
1843 1102
1715 1180
1593 1194
294171242 1765857571
1
sift 112
575 474
255 356
30 26
1399 1187
36 38
39 63
1483 695
420 844
65 58
1788 1314
103 84
80 78
1848 1616
728 709
76 99
113 115
73 102
831 1157
67 111
150 157
92 112
1009 1670
116 125
219 207
139 131
175 132
257 218
148 195
241 219
322 225
260 342
294 288
347 393
290 303
321 271
402 334
282 337
278 386
466 493
325 308
323 313
507 519
335 366
395 440
550 494
343 656
506 441
450 755
474 528
463 560
782 710
471 571
610 504
1056 609
691 507
524 805
882 812
616 765
740 641
872 900
662 843
772 776
971 928
708 954
840 732
941 1002
591 1338
751 1100
1012 955
824 968
858 906
1065 973
893 977
1010 920
1027 1063
921 1035
876 1110
1055 1102
903 1162
1223 922
1376 793
968 1214
978 1218
1096 1193
1091 1141
1137 1200
1148 1188
1044 1415
1605 842
1018 1472
990 1630
1037 1541
1350 1120
1184 1386
1190 1399
1218 1343
1192 1427
1443 1122
1348 1295
1230 1375
1113 1695
1415 1318
1593 1225
1409 1383
1258 1609
1423 1414
1626 1251
1562 1371
1572 1434
1539 1572
1843 1406
1844 1548
