326472230 570539746
1
sift 78
345 653
43 50
665 676
47 94
62 112
80 116
84 135
94 156
131 188
106 239
126 201
124 306
153 272
160 373
173 353
168 387
194 358
315 298
290 337
240 460
258 468
451 453
375 526
336 600
322 672
286 794
384 572
389 629
324 933
382 920
504 702
652 668
448 961
482 917
505 921
587 823
634 783
549 934
555 935
571 928
459 1201
669 813
581 975
691 817
565 1162
692 927
498 1361
793 864
575 1246
722 981
647 1127
644 1141
1037 790
720 1153
993 867
702 1241
911 1006
674 1352
901 1054
790 1202
774 1231
877 1113
833 1189
761 1341
775 1502
1005 1183
818 1681
1392 1042
1262 1139
939 1411
1187 1207
881 1551
1232 1238
1291 1353
1314 1660
1376 1639
1259 1780
1387 1804
326472230 753120338
1
sift 307
9 12
224 397
1 3
52 103
24 37
7 6
98 127
301 458
17 20
195 296
71 131
26 48
249 282
453 702
30 57
219 346
188 274
37 44
252 320
360 1226
36 59
312 387
187 310
47 76
279 729
54 100
383 534
240 350
59 110
429 559
61 108
415 657
530 569
64 94
477 611
62 107
468 711
652 765
73 106
577 911
74 114
582 1243
622 830
69 130
694 1062
75 121
1084 810
691 754
77 123
987 866
85 109
759 1318
885 705
79 125
1080 1013
81 129
916 1362
761 860
87 117
1122 1167
86 161
984 1410
801 926
94 147
1171 1260
133 119
1015 1441
716 1166
95 166
1385 1276
231 82
1147 1366
725 1157
144 149
130 177
1037 1170
129 179
118 202
1160 1397
135 187
116 219
124 207
137 201
163 182
155 200
154 211
149 215
153 221
165 239
160 252
157 281
166 255
158 283
168 270
173 266
241 224
194 261
204 248
176 309
199 279
210 275
196 303
244 290
227 325
245 315
228 332
207 364
202 369
225 396
264 351
269 342
257 362
259 363
247 389
267 366
230 452
281 358
289 349
284 365
315 348
295 385
268 444
320 401
290 436
276 466
322 403
299 421
285 470
313 447
354 424
307 494
392 393
357 440
282 587
302 537
349 469
363 512
393 477
389 490
384 495
329 623
336 618
463 461
438 483
381 546
432 497
375 588
425 513
437 502
395 571
351 660
402 557
390 585
441 514
419 542
417 567
387 603
445 590
507 531
486 566
382 688
469 606
505 572
443 636
475 616
456 637
482 615
521 592
529 601
624 543
448 706
548 617
601 594
539 661
549 653
368 1016
458 771
638 612
504 734
490 755
571 689
562 741
700 633
570 742
465 967
555 792
509 873
607 738
656 699
532 868
634 731
454 1041
499 930
660 748
576 886
685 767
668 797
647 845
613 904
805 715
702 812
692 816
679 839
746 769
770 752
715 820
830 727
619 944
670 924
724 853
774 806
765 818
775 815
782 814
654 973
722 885
623 1036
803 823
747 876
829 807
795 837
704 939
815 828
621 1091
687 974
750 906
788 891
662 1073
636 1149
728 1044
824 946
762 1001
686 1142
818 952
797 970
732 1137
908 950
826 1055
672 1345
794 1138
664 1392
854 1066
879 1017
877 1024
941 969
970 957
712 1370
867 1086
870 1087
790 1231
855 1161
834 1204
889 1119
920 1097
995 1000
939 1100
993 1043
914 1160
849 1300
881 1242
807 1403
1027 1089
901 1257
1089 1069
1150 1029
927 1252
1005 1154
1041 1150
1200 1022
996 1214
876 1399
1106 1140
974 1253
1108 1146
938 1317
1052 1199
1330 993
1198 1109
1119 1201
1264 1079
982 1359
1182 1187
1159 1212
1141 1254
1061 1334
1339 1099
1098 1312
958 1440
1013 1387
1263 1200
1166 1310
1185 1295
1234 1249
1290 1227
1152 1388
1245 1313
926 1470
1367 1209
1183 1389
1225 1355
1070 1458
1284 1320
1271 1349
1216 1401
1022 1465
1387 1301
1265 1418
326472230 762030273
1
sift 69
345 661
43 56
48 95
62 102
94 128
131 160
153 215
173 318
160 380
194 287
168 402
284 285
258 347
290 315
260 463
240 510
343 404
322 637
384 501
375 542
433 605
389 700
359 900
483 658
626 610
459 892
324 1708
665 630
505 810
587 722
566 743
482 875
533 790
653 714
555 843
634 745
448 1137
571 870
581 910
565 1039
643 899
680 868
654 1098
702 1078
678 1125
539 1542
993 768
697 1223
1037 825
806 1157
704 1333
835 1124
801 1242
774 1299
911 1144
794 1355
1005 1075
790 1401
877 1227
849 1454
1067 1146
773 1813
1039 1405
1259 1281
1232 1363
1027 1775
1255 1522
1283 1493
1314 1479
326472230 854684009
1
sift 432
68 81
224 251
5 5
98 113
220 201
6 6
190 196
301 268
7 7
195 209
270 265
8 8
219 243
396 295
14 9
252 244
370 320
15 11
272 286
398 370
12 15
280 291
406 424
13 16
300 298
453 406
17 19
279 336
330 1045
16 20
312 380
816 568
18 21
468 315
738 822
19 30
383 398
743 881
24 28
415 431
789 857
26 35
429 446
942 749
30 34
447 481
773 916
32 32
477 467
1157 883
31 41
531 575
981 1042
34 40
577 602
35 37
582 611
36 44
629 585
39 43
694 600
43 53
736 715
44 54
940 590
47 50
916 638
51 48
1080 694
55 55
785 1011
54 58
759 1193
58 57
1002 906
61 64
984 920
59 67
987 1068
64 73
1215 1122
62 89
66 80
67 79
73 75
69 85
74 86
77 82
75 93
85 77
78 94
81 90
79 95
86 88
87 97
97 87
102 99
88 106
94 114
116 108
113 121
101 144
115 127
132 116
135 126
114 149
129 134
137 136
131 140
124 154
139 148
159 133
163 138
151 151
148 164
153 163
162 159
154 168
166 161
158 167
185 153
157 174
160 173
165 176
168 179
167 190
173 187
184 182
172 199
191 184
283 150
194 200
229 183
187 219
188 214
196 206
202 212
230 191
199 224
225 202
210 227
204 230
232 218
193 253
234 228
206 245
240 226
233 233
263 246
278 237
257 248
388 185
267 249
259 283
268 278
276 277
282 275
290 279
286 285
289 280
294 270
295 272
318 269
352 263
361 262
293 303
285 324
353 302
444 274
351 317
386 297
336 343
375 304
407 296
374 314
329 362
390 310
362 340
397 321
332 417
432 318
400 344
363 399
461 319
384 375
446 337
343 482
387 392
426 360
393 409
423 388
463 373
497 354
434 437
464 400
458 405
443 435
456 425
395 491
445 444
483 396
457 445
486 422
465 461
499 421
517 404
523 401
567 381
537 413
519 429
580 376
521 428
454 496
494 462
459 500
436 513
448 507
547 443
498 471
505 477
509 473
518 468
572 439
542 484
584 463
451 578
566 479
433 608
495 515
540 503
633 472
565 514
571 510
504 581
539 559
623 495
636 488
573 517
481 652
610 519
596 545
616 523
728 470
697 490
914 384
619 528
555 601
550 616
622 538
576 591
660 516
795 465
659 520
687 508
570 637
643 556
581 622
472 817
698 522
650 563
662 558
701 526
679 557
648 603
574 712
668 589
532 793
647 621
601 687
645 634
768 529
589 731
747 554
608 696
699 595
685 618
756 565
678 642
653 677
686 645
632 706
702 636
722 628
691 670
813 573
847 551
750 605
665 710
867 541
597 826
830 579
767 617
717 678
796 614
805 607
753 657
559 927
676 754
680 748
689 744
782 654
806 641
927 544
692 764
725 722
758 701
720 752
730 747
744 730
843 650
832 668
734 759
854 661
624 937
842 685
909 624
817 713
1116 540
732 806
850 736
803 782
815 773
835 763
822 780
807 797
891 703
834 777
918 705
934 692
794 827
716 943
1054 644
876 776
888 772
926 746
802 870
902 779
956 738
1000 716
790 917
877 825
819 892
1213 629
863 851
870 843
855 876
1102 704
1053 745
735 1066
810 969
937 813
895 853
1017 784
1112 755
908 882
1016 810
1195 751
1106 812
887 991
989 868
990 880
1049 849
960 912
974 904
964 919
1230 774
970 915
977 910
1060 860
946 964
1008 887
941 985
1117 847
919 1016
859 1119
764 1229
1290 789
911 1054
858 1160
1097 897
1129 896
1081 935
939 1074
1163 890
967 1051
1069 973
1046 998
1089 965
985 1037
1184 889
1083 976
1071 987
1005 1027
922 1138
982 1069
1204 898
993 1061
1086 1003
1105 1002
1279 875
1321 858
1027 1076
1013 1089
1040 1100
1045 1088
1130 1032
1098 1084
955 1216
1108 1106
1026 1163
1061 1176
1185 1071
1091 1156
1114 1145
1240 1029
1271 1020
1003 1220
1139 1172
1352 999
1095 1212
1244 1105
1216 1134
1189 1167
1298 1087
1284 1116
1192 1202
1313 1120
1200 1218
1377 1123
1365 1178
1392 1174
1359 1234
326472230 1078683094
1
sift 267
57 63
177 218
17 11
218 210
24 25
252 289
224 235
33 42
280 302
34 40
279 310
301 477
43 41
383 400
44 46
345 374
705 729
47 57
429 404
62 79
447 415
981 610
74 75
415 466
80 70
531 397
975 1085
69 78
477 483
79 77
471 593
75 88
577 837
73 94
694 681
99 80
759 1036
82 96
736 1266
85 113
984 955
81 126
1021 1140
94 107
1146 1151
103 114
1171 1276
87 135
106 119
97 138
119 133
148 122
126 157
154 132
131 165
137 164
153 166
165 156
157 176
160 189
173 205
199 190
188 196
185 217
194 207
187 262
196 252
223 239
233 234
264 215
210 293
240 259
245 275
259 265
247 294
251 291
296 245
202 365
268 281
315 243
220 355
230 352
284 278
266 305
246 332
290 285
287 301
454 221
286 327
357 282
281 342
395 266
235 503
367 306
322 334
313 350
324 340
375 324
363 338
359 369
1000 222
353 411
306 509
349 440
318 547
439 360
384 408
451 358
317 575
380 484
430 436
548 376
409 505
422 498
505 417
402 543
385 583
433 519
393 591
432 551
407 595
428 578
445 572
498 513
464 559
479 553
419 611
446 601
443 603
601 441
448 619
549 531
534 552
513 566
571 528
504 606
555 574
798 420
608 555
565 600
524 639
462 745
569 628
481 762
508 724
574 645
457 879
519 750
567 701
532 771
604 706
950 482
692 629
605 719
669 644
510 877
570 789
726 612
680 646
458 1021
627 705
655 691
619 738
633 732
644 727
616 805
576 884
589 882
665 765
724 703
668 779
634 847
787 675
673 792
613 889
647 858
772 723
761 739
651 894
876 650
687 855
622 968
822 736
621 980
790 809
712 910
834 788
1147 624
751 890
971 694
1018 669
812 852
877 768
809 856
863 811
734 950
963 721
671 1060
685 1043
782 927
725 987
820 898
754 974
547 1495
775 969
885 851
770 975
983 759
732 1083
824 967
752 1077
1037 795
753 1095
1150 748
993 872
998 878
826 1093
1089 840
881 1054
818 1203
840 1160
937 1010
1112 923
1098 929
908 1107
990 993
1050 972
1005 1009
939 1131
1070 1022
915 1189
918 1197
1280 903
1106 1014
1113 1013
960 1153
1289 924
1078 1064
1071 1074
1013 1127
920 1282
842 1452
919 1341
985 1213
1031 1225
1108 1158
967 1339
897 1463
1114 1184
1010 1426
1016 1433
1152 1296
1226 1206
1045 1422
1008 1475
988 1491
1082 1420
1307 1238
1297 1294
1387 1194
1263 1360
1230 1391
1376 1262
1242 1459
1291 1448
1302 1447
1252 1490
326472230 1178269393
1
sift 113
345 519
43 50
712 925
47 80
62 99
762 914
80 103
76 133
879 1185
84 131
69 157
958 1120
94 146
82 174
920 1234
81 226
97 204
932 1419
106 187
154 147
1010 1322
126 178
131 183
1048 1334
124 214
149 212
1242 1594
153 223
137 265
199 224
160 318
173 315
168 333
194 298
187 424
214 386
258 354
240 411
247 487
210 672
425 320
320 408
230 646
357 384
287 532
451 405
322 566
375 478
239 1134
384 502
324 689
359 615
404 764
505 618
459 702
482 716
448 829
652 621
565 717
533 782
566 741
445 986
622 725
634 773
534 967
692 760
387 1488
793 709
678 798
669 807
644 861
608 910
555 1142
633 1003
539 1255
702 938
725 1001
679 1100
604 1282
726 1056
1037 793
993 813
877 999
761 1158
790 1145
801 1141
911 996
668 1487
735 1406
637 1681
1005 1035
959 1155
818 1415
842 1368
988 1165
775 1615
908 1383
1314 1114
1131 1253
1275 1161
1232 1204
939 1636
1291 1216
1290 1286
1057 1600
1339 1288
1115 1658
1376 1395
1187 1648
1319 1506
1387 1540
1307 1704
1377 1715
326472230 1499149563
1
sift 417
57 71
143 115
1 1
98 106
177 221
6 6
121 164
224 281
8 7
190 200
270 309
17 15
195 245
301 318
18 17
249 235
360 450
24 25
218 271
398 403
29 28
252 260
399 881
26 30
272 310
396 893
27 36
312 300
594 970
30 31
279 406
816 1068
31 42
300 381
924 898
35 34
383 394
975 1024
34 40
415 444
43 44
447 462
44 47
429 500
47 51
477 469
51 62
582 671
54 59
577 702
55 64
694 706
59 70
721 720
61 87
736 891
64 76
864 951
62 90
987 894
74 78
969 870
69 84
1080 867
73 89
916 1052
71 93
984 1064
78 92
1385 1120
80 85
77 94
85 81
75 101
79 96
81 99
87 95
86 117
94 121
99 122
109 114
89 145
113 126
132 128
129 133
116 142
135 137
130 150
136 148
124 159
231 108
137 158
149 160
148 162
154 165
153 168
151 169
185 157
160 171
157 174
167 170
165 172
158 179
159 206
168 192
184 178
172 191
173 189
188 195
194 199
207 184
204 198
199 204
196 219
214 213
206 216
220 215
255 187
200 227
201 228
210 223
187 248
236 209
213 226
227 233
233 229
228 238
245 243
287 214
240 249
239 263
246 256
259 250
257 251
247 265
261 253
230 285
310 232
267 258
265 269
269 274
276 278
520 194
281 276
229 360
268 304
284 282
307 272
288 293
336 259
286 299
290 301
313 280
295 295
306 290
293 313
317 297
322 294
318 312
321 316
329 315
378 283
357 311
343 323
353 327
375 307
392 296
282 427
1000 203
363 340
354 354
362 347
351 375
425 336
430 335
426 339
446 330
380 369
384 362
513 308
387 366
438 342
390 373
359 419
428 377
463 367
409 390
407 392
395 414
593 329
424 395
402 415
441 391
461 397
419 442
437 416
393 477
498 384
386 497
443 449
486 405
456 447
505 401
507 402
469 452
529 407
454 481
445 489
521 431
448 495
483 468
440 508
530 446
434 529
565 428
451 517
457 511
545 459
541 464
491 494
465 539
549 471
458 554
482 525
566 473
464 564
539 492
584 467
633 440
573 476
509 543
619 475
596 498
504 569
568 522
532 556
574 524
562 541
517 580
613 510
481 645
601 526
581 550
638 516
534 614
653 518
580 576
587 590
576 625
715 519
687 546
607 607
603 621
641 575
616 603
644 584
685 565
636 604
728 547
806 515
647 623
567 728
686 587
724 560
608 666
604 678
622 654
702 579
643 637
698 583
691 593
547 770
623 667
692 609
775 562
620 708
634 683
669 656
609 732
750 585
589 772
704 641
699 648
490 984
734 615
665 689
770 602
805 595
756 633
774 629
746 650
660 754
788 630
803 619
595 858
725 674
735 673
726 693
830 636
802 651
813 642
747 717
732 746
826 669
701 796
767 736
720 780
835 680
918 627
876 661
815 723
865 711
834 750
807 787
920 694
797 822
793 827
794 830
790 837
982 710
1032 681
902 769
951 740
985 714
848 835
855 836
753 981
858 840
758 991
887 815
908 808
854 886
932 794
1071 734
939 806
843 940
870 889
901 848
822 979
1112 733
798 1025
1045 760
1050 761
1147 730
937 862
946 849
1037 801
1116 767
1290 697
1008 820
889 965
895 973
842 1089
1108 802
948 905
1044 842
960 918
938 961
1066 856
967 945
993 921
1089 851
970 955
986 944
1027 903
1041 917
1069 915
959 1026
1106 907
1182 844
1046 963
1013 990
926 1122
1120 923
1150 895
995 1021
1086 962
1307 812
996 1040
936 1138
1097 976
1061 1007
1159 941
1200 901
1016 1065
1031 1050
1204 939
1005 1103
1070 1055
1098 1039
1279 896
1275 926
1095 1081
1081 1093
1111 1099
1115 1117
1244 983
1183 1048
1245 1016
1079 1162
1252 1033
1101 1160
1283 1020
1166 1142
1265 1061
1187 1145
1254 1102
1370 998
1176 1175
1310 1115
1302 1127
1309 1137
1184 1190
1065 1200
1246 1189
1361 1141
1408 1042
326472230 1581090896
1
sift 58
68 72
331 231
30 30
249 373
85 87
98 172
912 811
63 128
312 682
81 106
252 221
130 202
160 223
346 250
153 254
214 272
272 314
194 331
633 180
415 566
299 296
247 377
477 553
265 396
227 501
577 550
432 297
276 440
578 576
584 313
387 486
1002 539
441 457
486 487
916 745
469 595
509 574
1217 750
672 477
565 560
1122 821
576 552
747 532
668 583
715 604
702 688
854 687
1101 603
937 675
746 791
1164 632
1069 695
1200 697
1019 766
764 1012
926 848
1186 1051
1265 1033
326472230 1763636214
1
sift 63
52 132
64 67
98 141
85 76
195 231
71 93
252 267
81 87
219 337
77 92
249 335
102 90
346 268
74 139
279 308
160 190
272 314
153 206
429 538
149 221
312 819
173 223
477 570
210 212
468 697
214 241
577 592
194 283
916 721
633 173
1002 675
395 230
759 1016
247 399
984 828
324 352
1217 797
322 386
432 305
286 498
572 366
359 522
443 424
584 396
458 447
576 526
668 550
732 529
539 651
702 604
644 649
747 607
549 992
937 667
1097 627
685 941
1019 719
1069 709
908 801
794 901
1200 740
818 1110
1071 944
326472230 1765857571
1
sift 86
43 63
349 447
62 112
84 125
500 635
94 131
129 156
520 654
149 228
217 230
664 993
160 342
191 283
712 955
194 288
290 291
556 1318
315 340
425 271
958 793
336 406
372 377
752 1188
359 392
329 458
879 1063
384 441
390 469
920 1252
322 737
437 449
1010 1383
394 575
433 504
1031 1434
517 450
419 618
1254 1406
587 466
389 756
483 592
521 619
475 830
448 968
596 663
695 587
638 652
533 829
515 872
571 776
508 934
523 911
643 690
505 954
813 577
545 927
581 836
665 708
663 762
700 854
806 824
726 959
802 858
555 1476
702 1364
993 920
1358 718
761 1338
1058 986
790 1415
788 1509
927 1375
999 1276
820 1684
944 1437
1044 1305
901 1569
1092 1380
1125 1462
1291 1268
1179 1447
1094 1592
1256 1606
1407 1444
1349 1599
1392 1621
326472230 1835742160
1
sift 139
52 66
143 89
24 21
98 129
29 28
195 206
224 224
35 31
252 225
47 44
219 263
301 239
61 53
249 236
64 54
272 264
738 281
67 70
279 269
71 71
312 350
74 67
383 371
73 73
415 369
85 61
429 387
81 74
468 386
102 79
447 399
94 108
477 437
131 127
577 496
134 148
531 545
124 197
902 392
210 143
582 586
158 171
736 542
154 191
694 666
187 176
1021 530
240 196
1002 560
276 212
773 681
247 229
759 864
233 253
1080 671
282 226
984 812
258 331
987 826
286 297
916 939
295 326
1217 788
633 237
1146 942
432 284
1133 974
359 321
1215 1092
457 280
1318 1129
547 262
434 291
443 294
464 329
384 360
576 353
504 378
660 351
448 478
539 436
373 604
668 381
389 651
481 544
644 458
782 425
702 477
761 463
549 607
425 852
653 590
774 528
887 485
634 648
691 617
937 491
815 550
720 609
758 619
704 667
1097 502
1251 493
964 564
1200 516
877 632
692 783
744 736
892 624
1071 561
1045 569
1204 538
685 858
1212 543
1069 574
1290 548
1079 631
927 707
1095 656
1046 703
855 874
1027 733
1086 730
995 778
1245 742
1057 834
1061 845
901 1056
1192 824
1178 863
1356 757
1114 910
1284 816
1005 1046
1150 981
1370 997
1387 990
1389 1070
1412 1013
326472230 1895226176
1
sift 85
98 129
396 287
29 42
195 233
35 32
252 264
47 51
279 289
61 46
346 256
64 57
272 305
67 67
312 445
73 71
383 426
71 80
415 412
85 70
429 464
81 74
477 491
74 107
578 463
102 82
577 607
131 190
1002 668
160 167
916 743
168 191
773 889
158 218
1217 663
210 184
759 1000
187 213
1080 747
214 207
984 852
154 272
1122 987
194 221
240 236
217 355
432 271
286 353
322 367
359 343
434 304
443 389
446 388
459 391
584 339
565 404
660 407
539 473
668 428
503 504
505 523
373 689
644 499
702 481
464 684
782 476
549 601
775 511
1097 525
794 708
1069 575
937 627
654 908
927 657
716 864
632 982
1046 697
1200 681
790 956
1295 665
913 968
1114 922
1086 979
1251 912
1403 910
1387 980
