333687381 365855260
1
sift 201
1 1
2 5
3 7
7 15
10 16
11 30
15 24
28 25
27 31
34 34
38 44
39 48
46 42
44 50
50 47
47 59
68 51
61 57
57 60
72 56
79 58
65 69
75 71
84 63
82 72
81 80
67 91
87 75
77 88
91 77
92 78
85 95
94 89
103 86
110 87
144 82
111 107
99 121
119 130
163 108
130 125
156 113
134 139
131 144
126 153
165 129
129 152
125 165
136 147
189 123
158 146
170 141
152 150
185 142
132 193
157 167
176 164
195 151
164 190
167 194
171 191
184 188
202 181
197 184
207 177
187 200
206 195
205 208
198 211
203 213
211 209
230 198
225 202
175 263
223 205
216 219
212 225
217 229
228 227
231 228
235 223
220 269
233 255
252 232
247 243
290 220
257 236
267 248
210 355
259 279
245 304
254 292
266 277
275 274
253 301
263 294
269 295
282 290
283 293
335 242
242 341
274 307
310 282
301 298
312 283
297 306
296 314
295 324
327 316
337 313
300 361
451 266
288 408
343 339
497 261
334 352
281 438
340 350
383 311
346 345
369 330
361 336
330 379
354 351
351 353
352 354
508 285
418 326
353 388
321 453
442 337
408 371
406 383
407 387
426 370
401 403
415 397
395 412
422 404
411 415
414 422
386 463
419 441
427 437
397 483
439 434
463 418
502 406
448 451
455 459
391 555
443 504
503 442
480 476
474 481
473 485
461 506
533 436
610 394
564 420
526 457
484 491
410 632
446 561
512 495
447 570
493 528
545 488
609 435
471 573
523 513
530 545
576 500
515 565
453 662
501 610
597 509
562 556
594 522
560 568
626 499
520 625
617 510
569 562
568 571
624 512
550 606
588 560
586 566
592 576
518 681
553 654
558 652
593 603
632 549
567 677
620 638
589 678
634 592
578 694
637 656
333687381 988082744
1
sift 327
64 37
2 3
4 5
6 6
5 7
7 9
9 10
8 13
10 12
11 11
13 15
15 20
19 16
17 18
20 17
22 22
27 25
28 26
30 29
31 24
32 28
34 30
25 34
36 35
41 32
37 39
40 36
38 38
51 33
39 42
43 41
44 45
46 46
53 44
55 40
47 47
50 48
58 49
57 53
68 51
61 55
56 63
76 50
48 84
65 58
62 61
71 56
70 57
72 60
69 65
75 62
78 66
74 72
77 71
84 68
86 69
83 73
89 70
85 80
87 77
105 64
96 81
94 87
95 86
90 101
97 90
98 94
100 93
99 104
107 97
110 96
103 103
115 95
101 109
114 99
111 106
109 113
102 115
121 98
112 118
123 112
119 119
128 114
144 108
126 122
118 153
131 127
129 129
149 121
134 132
147 126
132 138
139 136
138 139
136 147
163 125
150 140
145 145
156 141
151 152
157 150
162 149
158 154
159 155
161 162
165 159
146 174
172 151
171 158
167 164
164 166
185 157
170 169
174 165
186 161
197 146
168 175
182 167
215 142
176 170
173 173
142 226
183 176
180 182
195 171
178 190
187 184
202 181
198 186
193 192
203 191
207 188
199 196
190 208
206 204
204 214
216 213
229 203
232 202
225 210
228 209
223 223
217 233
208 260
218 250
220 261
233 228
222 257
224 262
279 195
243 227
241 238
280 224
247 247
246 264
293 218
303 211
311 206
245 275
262 259
270 252
242 294
288 240
254 280
259 276
260 281
290 255
267 279
284 274
266 293
268 300
274 304
291 286
319 263
277 318
251 345
283 311
264 333
327 268
320 277
298 303
350 249
282 329
296 312
301 310
312 297
297 322
310 299
275 348
295 331
250 387
325 317
313 328
362 291
339 316
305 344
343 319
308 349
299 366
317 347
340 330
300 370
306 372
337 343
345 341
346 342
330 369
376 336
349 357
410 326
334 401
354 376
289 471
326 416
352 385
361 382
412 356
383 371
369 391
417 352
372 392
423 353
414 363
348 424
389 377
377 397
451 340
442 346
436 351
408 380
415 374
358 426
422 373
452 350
405 388
379 413
357 445
396 414
342 477
381 441
407 421
402 422
401 427
411 425
427 415
378 456
445 410
363 500
466 396
347 536
391 463
392 460
431 432
434 451
465 434
480 440
459 457
448 468
463 452
390 553
455 475
398 559
490 450
476 470
432 513
461 484
507 459
563 436
516 466
474 493
425 597
594 430
477 507
495 497
515 492
457 555
508 498
609 437
547 478
496 517
576 461
536 491
512 515
539 488
530 505
447 615
468 573
559 482
555 487
438 633
525 522
473 581
533 519
501 544
481 587
470 612
565 502
537 542
605 480
553 541
523 575
586 506
624 481
545 561
587 524
550 567
583 532
597 521
560 558
558 590
549 610
538 627
593 552
567 595
574 582
581 570
568 634
607 599
612 626
632 601
589 670
602 649
631 614
617 642
629 635
623 665
636 688
333687381 1010673316
1
sift 267
64 71
3 7
117 187
4 9
5 12
7 18
8 17
9 20
10 23
11 25
13 26
15 28
19 29
20 31
21 46
27 35
29 38
28 45
32 39
33 42
39 36
38 48
36 51
53 44
40 49
44 50
42 53
50 54
47 55
51 68
57 62
62 58
67 63
69 64
77 61
74 66
61 74
65 72
63 78
58 89
68 84
75 80
82 76
72 86
71 90
76 82
90 70
83 87
85 81
78 91
81 94
91 88
86 98
87 100
95 108
98 104
99 106
111 103
96 113
103 112
94 137
112 117
100 134
107 127
116 115
120 128
121 130
136 119
119 138
131 126
128 129
126 133
151 116
129 142
134 139
122 168
132 149
164 135
148 147
140 157
161 144
150 154
115 207
157 150
170 151
185 145
156 169
167 166
208 141
158 175
162 183
171 173
178 167
184 164
172 177
193 159
195 158
144 211
212 155
146 215
176 185
200 171
177 184
174 189
173 192
181 191
215 174
180 197
168 246
202 200
198 201
104 553
203 208
182 226
211 194
224 202
225 205
217 216
213 228
229 218
186 270
233 223
206 261
331 181
228 247
235 239
207 278
223 254
284 203
189 322
254 233
232 292
257 250
278 243
245 267
243 276
268 253
259 263
281 252
289 248
247 286
275 260
266 282
273 280
263 300
283 291
267 304
277 302
297 284
264 329
320 271
326 268
270 327
282 316
295 307
296 306
279 326
291 311
339 269
276 335
300 321
308 315
345 293
301 333
310 334
306 340
298 351
352 309
330 336
346 319
318 357
325 349
332 352
303 382
334 364
354 343
340 363
336 376
361 353
337 378
347 373
408 342
370 374
311 439
319 446
407 372
425 361
409 379
414 381
353 437
469 345
393 392
377 419
405 410
411 408
442 380
410 412
427 398
431 400
404 429
441 391
419 427
443 404
374 503
422 452
453 415
383 507
481 409
461 445
522 403
382 548
500 417
426 506
458 484
396 582
526 436
502 454
448 500
553 422
392 602
494 465
463 496
594 407
482 494
533 466
569 450
501 493
477 520
496 505
452 578
515 498
548 474
459 570
479 545
445 593
474 558
609 448
570 471
456 601
451 624
567 488
466 596
537 526
590 480
512 565
523 559
560 516
546 536
636 441
470 631
612 491
597 517
552 600
596 561
583 580
558 618
624 552
540 638
611 573
576 621
589 611
568 639
607 605
582 651
604 635
620 633
626 655
333687381 1111497595
1
sift 98
7 12
28 28
27 32
33 34
44 38
38 41
67 42
42 65
50 58
61 64
65 62
75 61
83 59
81 69
112 66
91 87
99 89
95 99
103 98
120 79
101 107
126 86
100 112
116 121
132 109
134 117
148 132
171 131
157 139
151 148
200 119
144 161
183 143
206 152
203 154
253 127
202 157
207 167
189 188
217 177
257 169
235 194
243 189
245 216
297 182
296 185
273 205
247 234
275 217
267 265
301 250
351 220
282 269
308 246
340 237
330 245
409 215
310 266
276 333
347 285
443 251
401 280
442 268
337 372
419 300
451 277
407 319
354 376
405 327
411 343
348 416
413 352
386 375
439 335
427 351
501 320
474 342
383 442
448 365
461 380
489 360
465 385
567 341
553 356
512 398
539 399
473 462
523 433
583 391
561 424
534 473
582 423
589 419
515 508
590 440
602 502
616 492
619 511
333687381 1135611940
1
sift 125
7 17
8 21
13 28
28 30
33 37
38 35
44 39
42 47
67 34
69 43
61 56
65 52
75 55
81 54
83 62
87 70
99 91
103 90
121 77
136 73
116 82
112 107
134 87
120 105
126 103
131 111
161 99
129 114
148 113
156 110
185 102
212 89
132 129
157 117
106 193
167 135
158 140
176 131
184 128
171 139
224 123
211 136
217 143
203 147
202 155
198 158
232 149
189 173
228 162
233 159
223 187
275 154
235 188
245 181
253 174
262 185
257 191
243 210
278 198
274 202
266 211
247 222
283 221
267 233
296 215
276 235
301 226
330 212
306 253
340 231
351 229
334 252
308 266
361 244
346 263
409 239
370 260
310 294
407 247
337 280
347 276
345 277
393 258
451 237
312 365
354 321
411 289
401 298
405 336
453 285
442 296
594 255
419 341
427 347
311 496
439 339
404 373
410 375
481 306
461 343
496 332
533 348
570 312
590 337
501 386
610 334
583 351
396 526
458 445
553 380
537 401
539 403
448 485
512 431
546 427
582 429
569 446
567 468
616 447
574 484
607 465
558 502
587 505
626 495
599 534
333687381 1164201001
1
sift 134
2 5
7 20
10 21
13 22
16 36
28 31
22 39
27 37
38 49
40 53
46 54
44 58
68 47
97 41
72 59
47 90
57 87
65 94
87 73
75 88
83 83
67 120
91 99
85 106
162 63
103 92
110 95
163 76
128 104
111 123
121 147
156 131
165 134
125 176
135 162
148 163
131 179
126 194
152 169
185 157
207 144
158 178
176 170
132 255
167 216
171 225
225 188
169 244
198 247
243 203
235 220
290 215
282 238
247 259
257 267
233 301
220 362
283 263
252 300
327 249
259 313
329 270
301 293
312 287
269 339
310 303
275 360
451 246
335 310
337 320
253 429
300 401
361 337
369 333
295 469
396 351
288 518
408 363
330 446
351 415
415 372
340 467
348 465
354 454
480 347
407 441
343 548
413 442
410 457
395 492
442 433
347 594
422 479
519 420
463 490
533 432
547 435
419 573
391 655
455 537
448 554
512 530
624 440
461 602
592 488
447 637
474 610
626 484
562 560
586 528
453 713
520 623
523 628
561 585
497 676
560 599
530 639
620 539
537 680
619 570
617 592
564 692
555 707
553 715
569 687
588 662
594 651
596 659
590 674
599 677
567 764
632 679
623 731
639 740
333687381 1350020634
1
sift 67
10 25
13 27
28 36
44 76
46 96
72 69
88 91
81 117
91 128
111 164
116 182
156 171
121 239
230 167
165 211
119 278
158 226
126 302
176 242
332 174
152 304
171 323
178 457
243 322
257 314
248 328
267 355
282 343
310 317
170 875
335 341
276 411
245 512
396 394
361 449
346 486
370 463
351 498
410 458
323 599
330 662
348 617
413 524
340 752
354 772
442 594
393 787
447 659
626 496
562 553
564 560
533 610
449 780
520 710
611 613
523 742
515 764
560 706
558 748
474 897
569 789
596 740
624 725
565 863
632 745
617 874
593 940
333687381 1551686868
1
sift 80
10 26
38 60
44 68
46 65
68 53
72 64
47 113
162 43
57 114
88 81
91 102
83 120
85 123
103 94
163 97
111 139
122 135
116 145
156 141
121 195
135 189
230 134
165 169
148 194
131 231
119 252
158 230
170 217
176 224
157 282
171 270
198 273
290 232
217 302
289 247
243 280
178 397
248 285
145 693
257 290
233 366
267 305
329 284
451 268
253 508
361 393
410 374
370 404
330 548
348 506
506 361
418 423
352 537
408 490
351 598
340 659
377 616
419 565
455 552
411 631
422 605
381 706
526 482
533 472
393 710
626 436
592 488
447 685
512 599
523 600
562 571
474 727
596 620
530 752
560 749
522 824
586 739
558 802
617 724
588 777
333687381 1574326558
1
sift 321
0 3
1 2
3 6
4 7
5 8
7 11
8 12
9 14
10 17
12 15
11 18
16 13
13 19
15 22
19 23
20 25
21 31
27 29
29 30
31 28
28 32
32 33
33 34
30 37
39 36
36 41
37 42
38 40
40 43
42 44
53 38
41 46
44 45
47 50
50 51
51 54
57 53
59 56
61 57
58 67
55 79
63 62
77 55
62 66
65 64
74 61
69 70
68 72
76 65
70 69
71 73
72 74
75 71
82 75
78 82
81 85
85 80
84 84
83 86
90 77
87 89
86 91
89 92
109 90
95 98
94 105
96 103
98 101
99 100
100 106
111 99
101 108
103 110
107 112
108 116
114 111
112 120
116 115
106 144
122 122
121 125
128 124
119 129
120 128
133 121
129 123
117 147
151 114
115 155
126 134
131 130
136 126
130 136
134 131
104 190
110 187
148 140
145 141
132 151
139 149
147 143
157 142
144 165
164 152
150 163
161 154
158 161
162 159
156 164
167 157
175 145
170 158
185 146
171 175
149 194
178 170
180 168
173 174
172 179
169 182
215 148
183 178
176 181
193 172
168 200
208 167
166 205
195 176
182 196
212 180
218 173
177 207
181 208
202 191
203 193
198 199
186 212
225 183
197 213
217 204
224 203
207 221
229 210
233 214
231 219
223 225
242 211
228 232
205 289
189 300
235 238
279 216
256 226
254 229
222 291
331 198
252 246
245 254
257 245
262 242
278 235
243 264
259 248
290 231
247 275
284 249
273 260
267 268
264 285
294 255
268 279
239 325
277 274
275 290
230 356
263 298
270 297
297 270
280 296
295 284
296 288
301 281
291 294
342 251
332 256
276 309
320 278
282 323
303 304
345 271
298 312
310 308
308 315
305 322
321 310
300 333
325 313
330 316
316 335
340 319
352 306
353 311
337 334
346 330
311 355
391 305
312 376
379 320
361 332
289 429
317 386
334 369
326 383
354 350
339 378
370 361
402 340
400 348
378 372
387 368
414 353
431 338
335 450
411 363
350 430
401 375
407 373
441 342
393 391
419 371
374 418
360 442
406 387
409 392
405 395
425 380
404 410
478 351
430 398
422 407
432 394
469 364
463 377
426 419
415 438
382 463
439 411
443 412
416 458
437 426
461 421
483 405
472 416
417 497
516 406
452 460
481 439
442 470
447 467
515 424
465 461
448 475
503 441
440 512
466 473
455 503
459 501
495 462
446 513
500 481
494 486
609 420
570 454
539 471
436 604
493 521
512 514
520 511
548 500
558 495
633 431
457 615
508 552
501 561
523 543
636 437
596 482
574 504
584 494
587 492
537 545
530 563
562 527
554 539
592 505
424 655
533 576
526 585
576 530
564 548
540 570
567 549
583 540
555 592
624 522
568 591
545 632
559 616
509 651
593 586
626 558
589 609
560 643
602 620
581 641
604 617
623 602
611 622
632 589
620 649
617 653
333687381 1798871232
1
sift 110
4 13
7 25
10 26
13 29
28 37
27 43
38 61
44 66
46 67
68 57
97 46
72 68
57 101
75 96
162 54
65 105
87 87
81 98
83 108
91 102
140 80
85 115
103 107
111 126
156 137
121 160
130 162
165 155
135 174
126 209
131 206
148 188
152 189
158 187
176 185
157 229
167 237
171 244
198 258
235 241
289 208
203 283
243 234
217 285
290 231
178 372
329 220
248 272
257 274
233 325
267 282
328 256
283 302
276 309
245 344
282 312
312 291
301 305
300 316
310 304
269 360
253 390
275 388
337 343
480 278
361 354
352 361
369 355
288 489
348 414
330 444
354 423
281 614
410 386
451 417
407 478
347 574
526 396
442 446
455 480
422 529
378 611
393 567
449 507
533 455
447 539
463 536
493 512
512 516
586 456
562 488
461 578
381 734
631 438
474 597
592 496
488 584
624 477
453 679
626 501
569 548
530 621
523 652
620 593
558 689
560 691
553 704
574 707
593 709
609 737
