34126128 118001120
1
sift 124
575 325
39 23
18 13
46 31
49 56
504 458
107 74
57 49
116 96
81 79
1586 800
218 184
88 109
141 139
124 115
309 213
140 118
234 235
137 202
281 281
164 196
315 284
213 173
361 517
191 199
298 337
210 210
520 395
249 257
424 380
290 242
546 454
259 265
517 431
238 336
613 473
301 254
534 478
267 306
513 722
278 307
505 531
292 294
846 499
310 277
455 728
377 296
847 761
272 893
627 497
386 446
917 815
369 510
630 551
380 552
940 810
464 504
677 661
515 465
943 872
446 596
765 653
461 705
981 961
483 639
852 760
594 477
1033 951
432 838
938 835
494 748
857 1192
550 645
995 849
583 629
1241 940
655 576
823 1016
590 747
1090 1093
609 733
966 932
558 928
1093 1226
718 666
1037 905
690 829
1192 1116
924 579
976 963
767 759
1157 1162
741 839
1149 929
925 658
1350 1053
657 1047
1088 1048
744 922
1335 1126
923 779
1186 977
824 892
1327 1184
829 941
1213 1120
815 957
1471 1139
769 1088
1283 1224
878 938
895 952
1485 1081
980 956
985 966
890 1141
854 1211
1087 986
950 1189
1068 1046
1189 987
1146 1072
1292 1204
1584 1255
34126128 294171242
1
sift 562
66 83
1 1
12 8
126 155
30 19
18 15
158 198
39 30
27 12
183 217
54 41
31 24
275 314
107 103
40 31
294 355
161 171
42 37
314 359
235 189
46 36
363 329
206 218
50 38
381 419
202 210
49 39
361 368
246 255
57 49
429 518
218 219
59 55
435 531
248 295
82 47
450 544
309 322
61 74
469 527
316 400
68 56
503 574
375 347
70 67
597 718
376 364
83 80
719 692
439 420
73 86
537 849
465 438
79 100
974 601
546 550
84 95
704 811
656 633
88 92
663 886
770 586
85 98
776 804
609 728
93 101
746 842
683 764
94 104
713 940
857 647
102 105
752 866
710 831
98 107
941 796
764 845
99 108
749 1042
786 1009
110 115
772 1043
833 939
87 154
723 1134
917 936
116 113
821 1089
994 884
119 118
1099 799
845 1057
112 133
853 1076
932 1045
127 131
730 1266
940 1012
117 153
1002 1100
1072 937
124 139
955 1181
1324 802
136 125
987 1179
1057 1112
143 138
947 1229
1033 1027
137 144
903 1346
1172 1296
135 152
1097 1291
981 1148
141 150
1075 1534
1581 1300
122 167
1285 1403
1093 1415
138 156
1319 1419
1302 1614
140 175
1406 1399
1327 1190
146 161
1422 1428
1429 1524
151 176
1480 1418
1241 1285
157 169
1268 1788
1407 1783
201 148
1542 1565
1262 1409
149 186
1494 1617
1463 1815
185 162
1651 1303
1157 1627
167 184
1388 1752
1459 1854
176 183
1346 1874
1350 1376
174 192
1568 1848
179 194
1314 1562
181 199
170 203
1349 1572
177 207
184 202
1415 1843
166 227
196 209
220 201
200 220
194 230
204 237
215 231
210 241
212 240
219 242
228 234
243 223
225 248
237 244
250 239
234 257
238 260
245 258
239 266
257 259
241 281
236 296
254 268
249 294
256 289
258 290
271 286
266 302
341 243
278 299
298 278
299 287
297 288
267 325
282 327
303 310
290 321
277 337
308 311
311 312
488 229
353 282
315 323
323 315
321 319
233 467
348 301
310 335
286 375
419 270
332 339
273 405
293 382
335 343
346 333
322 366
331 362
369 334
319 387
352 365
291 445
313 414
318 407
354 372
378 380
343 416
389 389
307 558
401 396
367 433
424 395
398 412
427 397
371 455
425 404
373 462
390 444
394 440
383 459
557 358
426 421
416 448
448 427
402 480
412 478
380 525
455 450
446 474
395 547
421 529
370 617
447 508
463 486
498 452
466 489
475 483
459 515
505 463
517 465
453 548
473 535
565 464
514 499
515 506
534 507
562 491
461 618
486 566
502 560
619 475
527 556
570 538
491 635
524 580
525 592
490 663
616 517
535 609
627 512
567 565
481 690
538 620
494 708
555 624
595 570
588 590
587 607
578 619
560 669
568 670
576 644
592 642
593 653
621 643
601 654
727 552
599 682
718 576
636 665
716 599
606 716
598 739
493 933
703 646
720 623
622 737
677 662
774 578
590 772
706 657
666 688
635 746
643 742
571 848
689 695
692 693
661 733
812 591
725 675
657 753
732 672
630 782
695 731
739 678
668 761
674 756
802 636
673 767
603 838
756 684
926 573
757 689
885 585
699 766
715 763
652 812
709 774
734 741
653 814
787 687
604 890
796 701
717 783
835 677
775 745
747 770
697 817
705 832
782 765
860 717
823 751
742 808
741 824
830 776
665 970
977 697
701 968
681 1008
819 818
822 835
753 917
913 790
768 922
814 902
531 1698
735 1048
852 882
855 877
896 852
795 978
914 853
854 904
778 1036
646 1310
840 953
777 1070
933 864
831 975
873 911
862 964
780 1114
966 872
1353 679
874 984
1064 820
938 941
901 987
868 1026
869 1028
976 903
952 945
948 947
763 1202
918 997
879 1038
736 1264
988 929
995 935
904 1052
930 1025
928 1044
842 1142
893 1082
906 1080
899 1088
905 1086
960 1024
829 1164
851 1168
797 1243
953 1084
936 1130
980 1091
1029 1034
949 1140
895 1184
1044 1032
861 1244
1007 1097
1025 1078
750 1547
957 1171
1439 807
1049 1094
1022 1119
972 1174
1013 1144
1088 1096
965 1236
968 1235
1149 1037
1035 1165
1112 1099
985 1223
1083 1137
856 1439
1145 1085
1254 1013
1010 1232
990 1270
961 1333
1042 1208
1018 1240
992 1290
1376 965
1134 1152
1104 1193
1101 1196
898 1532
937 1458
1308 1050
1059 1260
1237 1113
1228 1125
1006 1366
1186 1158
1190 1173
1138 1220
1207 1166
1385 1073
1426 1092
1032 1498
1340 1149
1114 1353
1284 1198
1027 1558
1486 1106
1462 1116
1305 1210
1144 1387
1280 1262
1283 1258
1232 1320
1297 1251
1248 1313
1522 1138
1150 1404
1213 1350
1068 1608
1191 1401
1357 1268
1341 1293
1330 1304
1159 1494
1036 1784
1153 1515
1343 1311
1361 1309
1328 1340
1533 1207
1119 1650
1176 1559
1401 1295
1249 1462
1561 1211
1139 1654
1261 1478
1251 1492
1291 1444
1201 1586
1279 1510
1475 1316
1108 1803
1161 1731
1243 1598
1274 1591
1411 1410
1418 1417
1395 1482
1436 1430
1390 1506
1209 1749
1236 1732
1362 1535
1430 1454
1396 1509
1438 1491
1485 1473
1345 1646
1498 1470
1557 1411
1549 1427
1359 1643
1185 1868
1245 1814
1384 1631
1402 1593
1428 1574
1455 1554
1644 1305
1636 1342
1257 1850
1630 1389
1570 1512
1628 1406
1425 1668
1364 1740
1534 1557
1493 1600
1443 1661
1502 1612
1374 1751
1562 1597
1492 1700
1461 1733
1399 1795
1573 1634
1348 1873
1508 1739
1554 1712
1506 1758
1479 1789
1505 1806
1467 1832
1616 1691
1608 1765
1613 1797
1511 1911
1645 1869
1624 1913
34126128 326472230
1
sift 159
1174 270
54 33
18 18
465 345
206 177
31 24
979 399
248 224
49 43
1427 789
70 48
520 350
88 62
1082 1404
85 80
574 622
110 75
119 69
827 500
135 82
124 94
984 556
176 81
138 111
845 724
220 87
140 154
940 712
181 118
184 126
917 762
177 131
164 149
981 752
219 137
194 153
1033 879
245 138
204 165
1241 754
238 160
210 199
1090 932
262 169
258 174
1157 920
222 217
249 194
1262 1010
300 176
335 187
1350 958
346 186
301 259
1349 1031
267 296
426 196
1415 1254
278 315
369 240
331 268
323 284
425 230
432 247
398 265
557 210
619 222
459 286
352 367
1439 170
456 322
796 239
446 375
413 438
558 353
745 287
515 384
481 482
494 505
896 302
461 653
665 458
653 480
580 548
616 513
701 459
655 504
734 445
590 571
741 448
539 688
643 549
622 608
676 569
609 666
493 970
778 565
657 685
673 692
735 661
769 647
977 555
861 644
795 704
898 654
812 761
936 679
1072 604
674 1037
954 702
1284 544
1107 616
1138 619
928 790
822 911
899 834
980 775
1376 570
1204 645
1486 576
1112 720
829 1005
837 1034
1011 877
1209 735
873 1098
1135 849
854 1232
1255 794
1533 687
1554 686
1252 842
1430 751
1169 913
1083 1027
1191 908
1066 1095
1233 918
1170 956
1143 988
1150 1070
1183 1108
1068 1314
1246 1187
1128 1347
1236 1319
1290 1284
1443 1152
1573 1071
1311 1307
1636 982
1365 1297
1592 1125
1431 1240
1475 1289
1493 1359
1640 1278
1624 1387
1645 1374
34126128 570539746
1
sift 426
66 62
54 65
6 10
69 70
105 92
11 16
113 128
107 121
18 17
126 141
246 312
27 24
155 184
248 332
31 27
294 289
281 350
36 34
306 319
361 419
38 38
405 434
375 475
51 33
489 420
387 506
40 45
478 474
469 490
57 54
450 522
465 653
59 57
597 581
504 507
67 53
608 624
546 567
50 86
650 654
513 722
68 68
659 716
439 753
70 93
713 733
609 675
77 89
749 649
770 824
81 101
693 757
723 937
83 99
773 700
710 1105
85 116
704 804
847 1005
88 112
752 759
683 1242
90 109
719 859
917 1083
92 111
836 916
943 1062
93 120
821 960
827 1227
97 118
817 1009
1429 773
84 148
974 874
975 1116
115 127
859 1172
786 1637
110 147
1086 1101
1033 1233
112 166
1179 1076
1106 1257
124 156
1100 1225
1227 1102
127 154
947 1475
1335 1168
117 179
1080 1310
982 1421
140 165
1054 1364
1192 1420
137 174
1173 1380
1065 1523
119 227
979 1816
1327 1491
125 205
1422 1265
1586 1243
135 216
1268 1443
1643 1294
128 265
1388 1534
1403 1677
177 188
1420 1701
138 306
1406 1732
184 201
1412 1779
147 263
1529 1774
191 232
1598 1766
187 241
201 229
167 269
213 223
176 273
170 285
194 272
215 246
214 248
207 252
181 300
157 359
233 244
196 291
217 274
210 283
205 311
212 336
211 340
197 371
241 308
219 352
268 284
173 472
251 313
270 304
255 323
278 298
271 317
249 358
238 373
277 328
258 354
267 346
220 454
285 339
243 406
272 367
262 386
292 363
310 357
320 360
250 493
290 394
315 383
298 400
368 344
257 555
308 423
305 437
301 467
352 404
370 385
318 487
330 469
373 414
274 617
353 441
349 452
311 543
378 422
331 513
377 425
369 460
297 630
390 453
355 502
354 517
367 538
431 465
346 611
397 529
424 521
463 489
403 544
338 744
446 526
415 563
407 577
457 527
380 658
411 612
448 570
420 641
486 552
414 657
751 409
430 656
485 574
483 598
456 672
461 667
515 572
464 671
508 582
505 593
384 851
426 777
502 619
534 603
544 599
541 609
496 663
501 661
425 838
517 643
539 634
459 794
447 827
491 741
538 666
564 627
492 742
532 683
594 618
550 717
522 750
561 710
576 685
473 892
481 917
606 699
555 798
579 751
627 712
494 921
655 702
583 786
652 727
625 780
393 1546
639 769
563 911
558 920
525 1058
580 901
671 778
674 790
646 839
590 928
640 891
601 956
616 954
643 934
644 938
717 832
603 1022
657 968
673 927
718 863
588 1131
602 1089
711 910
681 962
732 884
767 866
831 813
888 768
815 837
619 1166
756 902
677 1052
741 961
937 791
1185 646
781 997
823 929
814 966
744 1073
824 971
852 925
813 998
701 1201
800 1026
925 877
822 1006
881 922
769 1127
734 1181
622 1468
961 887
760 1173
840 1049
753 1179
862 1016
778 1162
977 935
1013 905
728 1327
938 1027
878 1086
665 1529
920 1077
849 1159
861 1141
829 1183
1007 973
843 1176
860 1157
782 1303
699 1530
742 1376
745 1383
757 1375
950 1115
958 1103
935 1146
991 1079
854 1238
1104 963
812 1341
856 1287
928 1202
1011 1113
959 1187
932 1218
1037 1118
954 1241
936 1274
796 1508
924 1317
1083 1140
985 1252
803 1629
793 1664
968 1311
976 1290
775 1740
898 1431
1146 1114
1112 1153
1088 1186
802 1724
1426 943
1018 1305
1036 1291
1087 1228
1059 1272
1035 1328
1150 1226
980 1502
1224 1194
953 1605
1031 1438
1246 1207
1321 1161
1165 1277
1178 1268
951 1729
1078 1445
1119 1360
1193 1306
1012 1607
1116 1422
1375 1198
1130 1442
1148 1424
1186 1392
1068 1660
1203 1418
1330 1323
1139 1527
1149 1503
1289 1355
1263 1378
1092 1658
1194 1486
1183 1513
1060 1771
1201 1501
1313 1411
1237 1484
1199 1538
1236 1507
1243 1496
1364 1412
1338 1461
1292 1533
1328 1495
1461 1372
1485 1363
1156 1751
1323 1549
1428 1447
1295 1684
1354 1586
1353 1595
1390 1583
1573 1423
1400 1581
1377 1638
1374 1656
1373 1667
1383 1663
1256 1803
1225 1812
1477 1593
1515 1633
1358 1769
1584 1599
1551 1671
1591 1770
1624 1804
34126128 753120338
1
sift 157
575 985
248 397
18 23
335 310
43 48
574 830
59 43
369 350
70 75
770 627
79 128
461 764
88 107
710 751
110 121
812 860
112 134
764 1033
119 130
674 1170
124 147
786 1455
176 129
998 1157
138 207
140 211
177 169
149 214
181 202
164 215
194 221
204 239
230 233
210 279
238 252
270 230
297 220
249 261
258 265
262 271
266 268
300 309
285 331
278 348
301 363
323 365
318 401
438 305
557 275
290 513
427 335
394 373
380 400
389 410
356 490
341 540
456 403
425 452
414 482
383 512
368 560
373 553
459 515
491 491
446 588
515 495
463 594
466 608
464 613
494 572
724 426
481 615
592 503
588 565
535 647
727 494
580 617
661 566
563 663
703 557
635 607
558 688
628 654
643 653
486 902
590 689
493 957
576 790
655 734
822 631
657 767
741 706
866 634
744 733
673 816
803 703
782 753
769 845
862 743
1340 582
742 918
895 838
795 939
954 812
831 925
977 792
868 904
980 815
1007 851
898 973
855 1068
829 1154
1101 858
856 1153
1376 742
952 1054
1001 995
1011 1024
899 1204
957 1148
1138 944
928 1231
873 1312
1191 950
1083 1089
951 1354
1492 864
1425 906
1486 886
985 1396
1183 1146
1032 1367
1573 935
1255 1138
1313 1100
1533 974
1348 1087
1135 1300
1036 1442
1248 1215
1588 1010
1613 991
1207 1330
1276 1263
1290 1320
1554 1142
1548 1150
1476 1227
1108 1467
1496 1281
1438 1379
1498 1347
1443 1388
1560 1338
1621 1285
1624 1301
1479 1435
34126128 762030273
1
sift 262
105 74
54 61
2 5
155 147
183 188
3 7
223 193
161 399
6 10
294 205
281 333
27 27
306 236
248 294
31 36
364 348
361 325
38 37
405 398
375 379
36 42
489 457
469 462
51 34
575 409
614 466
49 56
478 476
504 521
57 54
650 445
465 661
73 71
597 473
749 675
70 95
608 575
439 796
83 84
659 664
764 932
81 94
693 694
513 774
85 98
773 644
710 1238
92 87
836 707
847 974
88 102
817 898
786 1136
93 105
859 845
917 971
110 127
1097 806
938 1045
115 141
975 1022
827 1350
124 128
1080 1091
943 1201
140 130
1168 1055
1106 1218
135 178
1054 1245
982 1210
119 225
1100 1217
1090 1370
177 160
1173 1276
1227 1170
147 227
1537 1153
1335 1260
213 177
1268 1399
1512 1062
167 218
1272 1517
1327 1534
187 200
1388 1367
1586 1259
191 198
1480 1444
201 190
1529 1545
1381 1755
194 215
1598 1613
215 197
176 268
216 223
210 239
241 253
251 256
212 336
211 360
249 287
285 257
345 209
271 271
258 317
267 303
238 380
220 471
290 286
310 276
262 401
292 322
323 285
301 346
331 416
373 354
377 358
289 571
386 450
272 942
369 510
463 427
380 557
403 516
407 525
448 531
446 542
457 537
924 297
438 574
788 345
420 626
515 501
456 637
483 587
464 643
502 612
461 714
492 672
496 653
564 601
539 641
550 632
577 618
561 682
558 687
556 696
594 627
532 740
425 1054
570 698
609 629
494 810
563 741
583 751
627 730
606 787
652 754
625 797
601 817
590 870
655 785
592 905
640 856
848 639
681 802
695 791
499 1228
767 728
557 1119
674 825
690 847
785 736
576 1093
732 804
701 892
952 663
602 1095
657 1019
677 991
711 1008
937 757
813 884
980 737
744 976
622 1258
763 975
778 1039
824 965
800 1021
741 1137
837 979
588 1640
977 843
861 955
1104 753
840 1018
643 1515
842 1059
828 1074
823 1101
757 1212
782 1197
1060 855
822 1144
953 985
878 1115
898 1098
890 1131
995 995
985 1009
895 1127
1079 914
920 1116
843 1237
950 1108
795 1333
1048 990
968 1133
753 1610
854 1363
882 1342
1050 1180
1011 1227
929 1391
928 1401
1116 1126
1269 1048
1087 1243
1149 1167
1058 1337
1036 1419
1193 1193
1165 1261
1068 1479
1012 1605
1108 1486
1118 1472
1135 1454
1189 1368
1225 1369
1255 1355
1083 1775
1266 1553
1194 1663
1559 1309
1336 1524
1584 1449
1534 1537
1591 1487
1596 1520
1474 1658
1383 1772
1353 1809
1500 1692
1459 1750
1513 1769
1557 1797
34126128 854684009
1
sift 105
248 251
18 21
31 28
574 538
49 53
70 51
764 1158
88 89
119 85
110 93
112 111
124 114
138 154
140 168
177 140
180 147
219 136
194 163
245 148
230 157
204 176
238 173
239 174
262 180
259 187
249 200
335 219
369 226
426 206
438 198
301 283
341 250
331 278
557 227
290 379
277 491
459 285
380 323
446 304
367 385
371 454
558 302
413 413
374 496
576 328
464 455
515 375
544 408
494 477
563 480
461 677
590 510
701 500
782 482
655 581
741 507
493 915
657 618
778 514
609 711
622 696
769 621
673 764
936 557
882 593
895 627
977 601
954 636
1138 528
709 971
643 1155
899 777
1204 634
1226 655
829 1027
928 917
1252 685
1170 738
1486 591
1233 705
1376 637
873 1084
1248 725
1554 645
932 1166
1255 827
1191 882
985 1196
1083 1076
1476 789
1032 1146
1359 847
1060 1139
1209 1066
1308 1000
1313 1074
1274 1109
1290 1116
1431 1029
1573 987
1605 961
1557 1070
1636 1069
1469 1217
1493 1234
34126128 1078683094
1
sift 346
158 173
39 32
18 17
314 311
31 25
381 391
54 42
40 28
423 507
46 36
469 538
107 85
49 41
746 680
59 38
575 565
183 175
57 48
68 54
730 717
202 192
61 68
101 44
771 956
218 200
70 56
85 70
1099 785
206 218
88 79
93 75
941 1079
246 197
87 104
119 78
1065 996
248 235
112 83
115 82
1285 1170
309 275
110 88
116 84
316 337
109 102
127 94
375 325
143 86
135 96
376 353
136 95
117 122
465 374
124 107
137 103
520 439
141 110
140 132
546 462
174 113
176 126
572 504
196 117
166 154
770 465
214 137
177 165
857 477
193 150
184 157
614 818
220 135
192 162
710 725
225 138
194 166
845 703
204 156
211 168
764 862
219 164
207 186
847 826
210 190
228 185
943 798
230 181
239 176
917 888
238 189
215 209
940 910
249 207
258 204
1003 854
234 226
256 216
1057 822
317 191
267 245
1082 940
282 233
289 229
981 1077
278 243
298 238
1241 974
277 266
310 247
994 1435
319 242
315 251
1208 1165
290 277
301 265
1157 1282
374 221
322 274
1192 1326
335 262
323 278
1349 1225
408 230
331 281
1327 1272
273 349
369 259
1262 1426
296 341
404 258
1335 1363
426 252
378 279
352 306
437 273
345 339
432 294
438 295
373 326
370 331
424 316
383 338
453 313
447 320
584 264
390 358
446 324
386 377
425 352
557 293
459 327
414 360
420 361
456 334
514 321
540 319
505 359
464 413
544 357
502 386
421 501
745 301
463 441
568 363
494 417
606 351
567 378
515 408
576 370
580 376
588 379
558 411
490 509
518 460
570 424
534 472
486 549
493 564
577 461
587 467
485 630
621 481
724 418
598 515
590 528
635 502
640 508
712 444
627 530
681 491
630 544
643 531
622 555
787 427
616 566
706 498
653 554
703 543
655 606
652 618
718 570
595 674
603 669
672 623
628 677
677 627
673 629
676 628
741 619
609 766
785 596
778 600
926 522
747 636
913 556
753 663
894 582
674 795
977 574
831 644
905 612
782 726
823 696
851 689
830 701
1141 540
775 780
812 739
883 666
867 691
1215 525
948 653
861 727
768 857
665 1021
997 672
992 684
780 911
899 788
855 839
966 735
906 820
928 809
965 762
982 744
833 903
938 812
1072 706
868 889
1025 746
1011 768
976 821
763 1100
1439 595
873 929
995 824
1038 773
932 895
829 1009
1096 754
1110 756
1138 738
890 971
1040 865
1107 805
1037 893
972 976
980 969
998 987
1088 919
1149 875
1517 704
1376 789
1379 804
1410 797
1050 1091
991 1192
1310 883
1248 913
1237 939
1326 877
985 1224
1134 1010
1119 1031
1560 786
1570 783
1298 920
1316 909
1150 1022
961 1361
1366 896
1207 998
1186 1033
1084 1167
1036 1256
1430 890
1533 855
1045 1270
1462 885
1486 884
1396 936
1185 1096
1508 894
1401 950
1191 1107
1475 924
1283 1038
1245 1088
1183 1158
1385 990
1549 937
1257 1127
1313 1131
1232 1196
1354 1135
1279 1243
1176 1371
1139 1429
1311 1238
1274 1288
1328 1218
1308 1263
1573 1074
1197 1418
1143 1491
1351 1275
1364 1253
1438 1204
1341 1323
1365 1294
1461 1200
1252 1452
1528 1195
1343 1402
1443 1296
1330 1425
1562 1242
1585 1226
1624 1194
1485 1375
1551 1346
1592 1293
1557 1385
1608 1397
1498 1498
1594 1496
34126128 1178269393
1
sift 569
60 54
107 115
2 2
66 64
178 154
3 6
69 70
183 186
6 11
113 122
361 398
11 14
114 127
218 237
18 19
126 136
387 400
16 23
155 172
246 336
17 21
158 173
469 430
24 24
223 367
280 341
27 25
275 282
465 519
31 30
294 290
375 406
35 33
306 310
400 690
36 32
314 331
439 683
28 66
381 363
504 526
37 40
364 389
614 612
40 42
405 422
764 904
42 47
450 425
513 791
44 45
435 432
749 971
46 52
489 418
574 725
49 50
429 461
776 1006
59 53
575 508
710 898
57 56
608 586
816 963
50 69
663 584
847 918
67 65
650 619
917 914
68 68
597 684
940 925
73 71
659 703
786 1125
77 75
704 712
857 1206
70 79
752 686
975 1061
87 73
693 779
1033 1185
83 83
713 765
1082 1249
81 88
746 748
1002 1446
85 103
773 734
1157 1234
92 94
719 833
1350 1120
88 99
853 730
1090 1419
84 112
772 842
1262 1322
90 101
836 816
1314 1338
94 96
941 786
1335 1358
93 102
817 883
1327 1413
97 105
821 941
1192 1673
95 114
730 1229
1429 1608
109 128
859 1105
1609 1646
115 124
974 1021
110 132
955 1166
116 129
947 1327
112 137
1054 1172
136 125
1100 1187
117 152
1080 1270
127 140
1234 1119
119 157
1173 1326
124 146
1285 1231
140 147
1272 1361
137 155
1422 1280
133 163
1268 1475
141 162
1331 1500
135 174
1480 1536
131 175
1542 1493
163 145
1598 1598
128 191
1546 1674
276 113
138 214
147 192
184 178
177 183
167 197
185 188
164 212
169 213
187 196
170 216
201 193
176 226
200 199
165 241
213 198
194 223
196 229
203 221
189 244
210 224
216 228
225 215
173 291
237 208
181 279
197 254
180 293
232 220
195 273
193 289
212 258
234 234
205 277
219 265
241 268
251 260
220 319
254 261
271 252
249 298
268 281
238 318
233 342
270 292
243 340
236 347
258 316
256 321
273 296
267 314
277 304
278 300
285 312
250 364
239 396
290 320
324 295
272 352
292 330
260 392
257 410
305 339
286 365
310 343
298 353
301 355
315 357
308 368
320 359
343 345
368 332
274 450
282 463
318 408
312 421
354 373
431 329
331 415
349 394
297 489
335 424
370 377
378 375
377 378
373 402
352 426
369 411
390 405
338 479
437 393
367 447
372 445
327 558
394 429
386 435
388 441
789 287
403 438
424 446
409 471
411 493
380 545
463 449
355 607
446 478
432 487
413 512
420 536
384 596
430 530
402 581
448 529
444 543
537 454
426 585
518 465
486 497
524 467
451 570
485 521
421 628
456 566
466 561
425 646
447 605
515 502
514 509
505 531
544 506
461 620
527 550
538 547
541 542
501 571
455 670
484 610
558 537
491 614
493 608
532 574
560 555
494 618
473 696
550 568
438 745
534 601
561 579
564 577
492 680
539 617
481 716
556 644
567 633
573 627
557 672
500 732
577 624
579 622
570 671
565 677
499 761
594 613
525 740
599 652
745 532
631 626
593 676
602 663
580 707
619 665
566 751
636 664
576 723
601 705
592 714
535 808
627 692
630 700
583 747
668 653
692 634
774 567
656 694
603 774
640 744
743 649
625 775
701 702
661 724
652 754
588 821
587 834
718 708
695 738
673 760
924 593
674 793
717 766
657 831
778 717
732 768
622 910
676 822
923 635
665 856
644 917
677 860
707 837
781 777
678 887
711 862
635 1016
681 912
741 829
787 803
744 843
837 785
616 1132
783 835
729 907
699 980
888 764
690 1000
813 815
842 800
831 807
852 799
753 927
734 986
818 869
800 894
712 1071
862 836
877 825
1006 759
814 915
763 1005
861 861
742 1048
703 1154
929 828
855 890
843 921
824 953
1042 772
926 846
759 1063
840 945
873 882
757 1077
756 1086
720 1163
822 996
823 1004
919 895
904 916
1122 756
909 932
828 1036
1527 632
878 970
1079 811
968 909
954 938
796 1134
812 1158
1008 901
995 930
938 1018
966 997
802 1200
856 1129
1007 961
782 1289
899 1106
998 1001
1004 1003
992 1023
1010 998
936 1100
892 1148
1085 934
906 1143
985 1050
960 1074
868 1180
854 1204
890 1170
775 1408
928 1145
976 1095
953 1155
1185 897
894 1222
977 1142
1084 1025
1104 1002
1149 952
946 1207
826 1445
1048 1103
962 1225
1068 1114
1088 1080
951 1317
1035 1184
1087 1140
952 1340
1018 1218
809 1665
1251 1009
1036 1232
1107 1159
1053 1214
889 1531
902 1558
898 1587
1083 1238
1143 1165
1072 1282
1012 1362
1031 1342
991 1440
1146 1197
1232 1137
1047 1348
1165 1178
965 1569
895 1677
1255 1150
1115 1295
1125 1290
1142 1283
980 1615
1116 1339
957 1681
1199 1266
1267 1215
1283 1217
1328 1183
1139 1392
1213 1305
1193 1313
1225 1297
1178 1344
1201 1320
1357 1198
1371 1195
1206 1356
1197 1364
1191 1383
1105 1556
1194 1397
1209 1406
1175 1461
1362 1278
1292 1363
1461 1213
1414 1256
1237 1466
1345 1346
1243 1480
1341 1349
1182 1580
1236 1506
1424 1308
1400 1328
1354 1391
1326 1426
1476 1286
1308 1488
1630 1176
1207 1639
1390 1425
1407 1402
1330 1520
1531 1330
1336 1528
1246 1648
1245 1668
1309 1620
1522 1400
1402 1505
1313 1636
1551 1387
1374 1572
1401 1562
1383 1606
1591 1396
1392 1616
1584 1430
1311 1704
1569 1498
1619 1410
1343 1696
1534 1552
1463 1622
1451 1630
1369 1687
1506 1610
1502 1627
1596 1513
1601 1515
1557 1628
1623 1516
1468 1686
1624 1540
1438 1712
1485 1706
1511 1709
1641 1671
1483 1723
34126128 1499149563
1
sift 164
417 745
206 221
18 17
31 25
248 281
42 38
49 44
521 376
70 50
73 88
770 435
85 85
88 90
574 654
119 84
110 101
613 765
112 105
135 103
845 560
124 121
176 99
847 612
117 162
220 95
710 762
149 131
138 159
764 883
140 165
177 143
786 959
164 160
219 158
1157 694
194 168
204 172
1090 794
189 185
230 167
1303 1086
238 171
257 170
1349 1050
210 204
258 190
1429 995
262 193
249 199
1582 948
266 191
256 225
1415 1102
270 224
345 183
301 250
335 248
438 205
318 261
426 219
276 338
323 282
369 249
305 317
290 336
341 286
331 304
557 223
398 269
432 265
425 285
645 227
456 294
446 307
383 340
459 299
413 342
367 378
558 327
386 461
421 434
796 263
592 324
515 362
464 445
494 401
461 518
368 774
481 525
635 404
661 405
643 471
778 428
744 487
741 495
655 569
657 565
701 558
606 646
622 666
493 955
822 505
609 688
673 609
753 566
868 510
769 623
861 584
1138 475
795 641
674 801
774 709
980 562
831 656
954 579
957 605
862 677
856 753
899 750
1107 603
998 674
1007 685
855 852
1072 678
928 837
1233 627
1308 606
1533 546
1027 783
1209 673
1226 675
829 1103
873 1039
1554 587
1112 780
1486 625
1228 735
953 1026
1083 903
1191 808
1476 697
1248 809
1245 823
1313 806
1255 830
1114 968
1311 812
1066 1081
1573 734
1636 710
1150 1055
1348 889
1257 990
1207 1059
1343 989
1252 1089
1519 933
1246 1145
1334 1066
1274 1139
1359 1074
1538 1036
1594 1038
1616 1088
34126128 1765857571
1
sift 160
223 192
39 26
18 13
364 255
46 38
31 31
405 305
107 84
40 67
489 345
116 115
49 63
469 468
218 207
57 55
608 425
141 157
83 78
504 474
309 225
81 88
773 436
234 218
70 111
659 549
248 306
73 141
693 527
281 310
88 112
836 714
246 356
111 153
1179 579
375 393
124 131
817 947
361 315
140 132
859 899
520 448
137 200
1100 1033
546 494
213 172
1080 1184
518 493
191 208
1272 1138
439 844
210 219
1054 1469
534 519
222 230
1173 1257
513 868
176 350
1268 1314
455 755
249 288
1406 1187
846 609
238 342
1388 1332
630 710
258 303
1529 1351
827 635
267 308
1420 1625
765 871
290 271
1568 1616
710 1157
292 296
1598 1578
852 812
279 341
847 969
301 319
966 900
315 313
940 955
310 366
938 1002
298 386
1033 1063
377 321
1350 793
369 413
981 1188
424 440
1088 1193
446 528
1090 1216
462 513
1213 1120
515 441
1157 1252
464 600
1262 1383
380 804
1314 1371
573 431
1327 1399
483 574
1349 1434
505 560
1192 1665
594 437
1415 1406
550 675
1283 1609
627 602
1471 1458
558 765
494 954
563 786
718 571
609 709
652 697
425 1605
690 779
677 843
937 610
674 963
655 1048
925 684
741 968
711 1041
744 1032
923 781
890 840
701 1214
905 959
823 1100
985 922
795 1218
889 1112
812 1338
815 1352
824 1335
878 1270
980 1141
976 1162
950 1236
895 1386
928 1415
1001 1286
1083 1200
1166 1230
1068 1502
1053 1549
1201 1360
1292 1301
1149 1541
1649 1140
1237 1695
1584 1425
1606 1419
