365855260 988082744
1
sift 216
1 2
5 3
7 4
13 10
15 9
16 12
24 20
23 21
25 26
27 29
31 25
38 23
34 30
40 36
44 38
42 46
48 42
50 45
47 48
51 51
59 47
57 55
60 53
56 60
61 52
58 67
68 59
71 62
63 68
67 81
75 77
88 71
95 80
89 87
91 89
87 96
86 103
81 107
107 106
121 104
101 149
108 125
130 119
113 141
138 133
144 127
128 160
153 122
182 118
152 129
143 144
142 157
147 147
160 139
146 154
141 169
167 150
193 138
256 115
151 171
184 146
164 170
191 158
194 164
190 166
199 167
188 177
181 181
177 188
163 212
200 184
195 204
211 186
175 227
213 191
171 249
202 210
201 219
205 223
219 213
254 194
287 173
229 233
234 229
220 255
255 228
243 247
267 242
269 261
248 279
279 276
264 302
302 259
277 293
291 284
283 297
304 275
282 299
329 245
301 289
315 269
295 301
278 327
293 311
298 310
265 359
307 304
290 329
274 348
306 322
363 262
314 312
332 295
408 240
305 335
341 294
355 283
324 331
339 319
313 343
346 313
350 330
311 371
337 346
345 342
416 292
334 368
330 391
336 382
368 362
351 376
361 370
354 385
379 369
352 401
371 380
400 361
397 374
404 373
370 406
396 383
387 421
289 654
359 465
403 427
415 425
437 415
375 478
432 435
426 439
435 437
418 452
517 399
476 440
502 428
511 424
419 490
451 468
421 496
522 430
459 475
414 528
615 402
500 461
399 583
436 519
480 494
520 464
506 484
551 462
512 481
555 463
498 501
495 515
527 489
488 561
545 505
485 581
548 507
565 492
566 506
560 525
544 539
579 510
513 575
569 531
583 527
473 675
568 558
549 601
510 642
610 544
603 552
705 473
644 533
670 511
538 638
570 615
605 566
518 668
653 540
554 640
617 596
571 634
628 593
652 590
659 585
631 622
578 681
677 595
668 618
692 586
607 674
616 680
673 650
678 670
365855260 1010673316
1
sift 161
15 18
16 23
24 28
31 35
25 45
34 43
44 48
50 50
59 55
60 62
51 84
57 74
56 86
68 73
71 80
91 63
77 88
80 94
75 100
95 81
86 112
107 103
114 105
121 106
101 183
130 138
147 119
144 126
138 140
113 169
148 131
142 145
153 133
182 117
141 151
152 142
190 135
151 158
167 150
146 175
193 149
128 227
164 185
194 166
191 173
112 327
224 186
202 205
211 201
213 208
177 278
269 190
195 261
229 216
204 248
251 213
205 254
257 209
222 238
287 192
255 223
305 193
236 250
234 257
292 233
267 255
274 260
279 263
248 304
291 264
277 282
304 267
293 291
301 288
307 279
306 284
294 300
290 316
319 302
314 306
298 333
367 303
354 309
345 319
300 376
361 321
368 322
313 378
340 351
336 353
351 343
379 336
331 374
371 342
350 363
337 380
393 366
387 372
372 382
384 375
395 394
422 381
415 408
437 398
328 564
404 452
406 454
441 427
435 448
504 404
373 547
457 436
385 521
436 466
522 407
418 496
399 554
506 445
551 420
451 500
502 476
632 412
562 450
527 472
662 415
459 567
653 421
509 517
489 543
480 557
584 462
511 542
495 565
512 552
565 498
513 559
586 489
473 622
568 516
579 514
610 493
500 621
514 596
544 576
552 572
677 488
583 562
498 654
644 539
666 528
617 577
571 639
702 534
631 612
652 618
587 647
639 632
678 611
649 656
687 629
694 637
365855260 1111497595
1
sift 68
15 12
25 28
31 32
50 38
44 41
68 63
71 61
80 69
77 87
86 98
153 86
139 117
143 138
167 139
194 129
191 131
195 152
224 141
213 154
175 189
236 169
229 177
222 193
234 184
306 182
274 217
314 185
307 206
304 216
248 265
368 188
266 277
291 249
298 250
282 266
353 220
290 269
258 322
337 268
364 254
379 245
425 243
393 273
313 372
403 280
504 251
351 376
441 300
415 343
434 335
437 351
481 342
540 329
610 320
414 461
506 380
495 398
544 392
511 416
677 341
654 356
513 433
529 480
554 503
631 452
565 508
624 491
705 430
365855260 1135611940
1
sift 89
15 17
13 23
25 30
44 35
50 39
60 40
68 53
77 49
71 55
80 54
75 70
121 91
138 86
113 110
142 102
153 103
166 100
141 118
152 114
167 117
146 140
164 131
194 135
191 139
209 136
265 116
224 133
213 147
229 143
211 158
274 154
222 189
236 191
234 203
301 174
304 181
291 194
277 211
248 233
307 202
368 173
266 237
293 221
298 226
314 215
379 212
353 229
336 244
282 294
331 260
371 249
345 263
387 247
337 296
351 321
403 298
522 255
415 289
394 334
435 318
385 378
434 339
468 315
441 341
437 347
384 404
463 359
506 343
569 299
662 285
473 450
495 431
544 405
451 485
573 397
632 375
610 386
653 381
703 355
562 446
620 407
666 402
570 487
618 479
586 509
677 468
617 494
605 511
687 480
365855260 1164201001
1
sift 300
2 1
5 5
7 7
9 8
11 14
14 17
15 20
16 21
18 33
23 23
25 31
26 35
35 34
31 37
34 38
38 43
39 51
46 46
51 47
44 49
40 53
42 54
50 58
52 60
54 61
58 55
56 59
55 68
64 64
45 101
57 75
72 67
67 70
61 81
59 90
60 87
75 73
65 85
82 72
71 88
101 63
68 93
77 99
79 100
86 92
87 95
89 97
95 106
104 103
99 111
102 113
88 125
91 120
93 118
92 128
117 108
109 115
120 112
107 123
103 136
118 117
131 114
116 122
113 131
127 119
119 130
128 133
106 158
114 143
137 139
121 154
142 157
138 162
148 151
163 152
136 177
177 144
145 173
149 172
150 169
144 179
151 171
134 197
146 178
143 182
164 170
147 186
165 176
152 191
153 194
203 167
166 202
174 198
175 203
181 200
167 213
202 188
160 227
169 228
178 217
184 222
194 216
188 224
191 225
199 223
185 239
190 240
245 193
197 237
209 221
205 233
220 215
208 236
193 255
256 199
222 219
250 204
211 247
239 214
281 206
284 209
234 261
236 267
246 259
321 218
253 281
318 235
285 256
230 317
293 263
255 301
260 300
315 248
225 359
286 284
283 287
278 295
298 293
282 303
279 313
413 232
303 296
290 307
291 308
299 310
254 373
269 362
257 384
274 360
292 335
295 339
313 320
380 280
557 230
302 356
345 312
334 323
330 333
308 377
305 390
336 337
306 400
356 341
333 371
301 429
327 387
328 389
423 321
371 363
332 409
517 297
375 382
314 470
391 375
385 380
397 372
361 401
405 368
337 433
368 396
310 505
352 411
324 469
353 415
444 352
339 468
348 449
476 347
351 454
319 527
350 467
341 496
329 520
421 399
379 446
387 441
359 487
521 353
396 444
393 460
399 450
346 523
411 438
372 495
460 405
417 445
404 479
436 432
370 546
412 492
418 490
433 471
401 519
408 518
467 464
465 475
484 458
512 440
493 466
449 507
384 626
581 410
567 419
511 465
498 485
431 563
450 536
395 641
459 537
451 554
507 501
363 750
463 547
441 573
501 517
458 561
495 530
576 488
632 457
420 692
474 586
657 451
608 482
611 481
509 569
622 478
592 494
480 611
548 544
566 528
496 614
506 602
510 592
556 560
695 463
502 633
609 533
513 628
470 721
574 589
638 539
663 526
568 599
522 651
473 748
545 639
672 531
529 672
659 558
583 607
555 655
570 637
593 604
560 662
549 679
563 648
558 675
585 636
575 667
562 687
579 673
625 623
650 608
628 635
587 681
602 699
613 684
631 668
569 760
598 726
665 691
654 715
670 700
648 729
662 713
651 739
647 746
644 749
677 764
710 754
365855260 1350020634
1
sift 185
5 14
54 87
16 25
25 36
55 98
35 42
26 49
65 121
38 58
46 53
110 195
51 60
39 78
119 206
44 68
50 76
149 245
56 69
42 96
450 903
64 67
52 86
67 77
76 91
82 79
78 97
61 122
90 93
60 152
86 104
77 128
80 117
99 124
96 141
102 167
107 164
91 204
113 171
103 224
106 232
114 215
137 184
129 211
118 223
145 189
142 200
138 218
163 188
203 176
177 196
151 220
121 265
146 226
141 240
130 278
144 258
202 212
164 242
174 269
176 263
153 302
198 274
166 310
175 322
167 338
220 272
191 323
170 383
266 268
190 365
264 276
211 335
208 350
236 314
343 256
234 359
282 317
248 355
285 327
224 410
413 271
290 343
253 389
364 288
299 341
267 380
298 372
229 487
476 283
291 405
255 461
286 427
334 376
378 356
303 450
225 720
257 637
467 361
336 449
304 512
331 463
365 441
417 403
287 631
345 486
326 517
431 419
353 498
295 672
319 599
332 581
411 471
385 507
337 594
387 516
341 640
414 515
333 673
393 568
420 560
498 497
521 474
379 662
350 752
399 625
351 772
632 458
669 451
436 610
419 648
465 591
576 511
348 905
622 490
657 491
556 553
567 547
663 514
590 549
495 655
458 715
609 551
520 633
408 878
451 778
484 730
611 588
425 883
608 601
554 665
512 725
482 802
570 659
513 742
569 667
456 884
705 548
568 706
549 745
480 898
647 656
659 644
565 764
510 874
562 789
529 842
572 790
625 710
578 786
579 787
618 731
528 885
621 765
593 794
631 783
640 798
605 834
665 775
598 865
553 936
587 915
670 841
664 869
644 911
603 940
365855260 1551686868
1
sift 210
5 4
15 25
16 26
23 29
35 34
38 47
40 58
39 66
51 53
44 60
42 65
50 68
56 64
101 43
54 74
52 78
41 106
64 62
55 84
67 76
82 70
76 81
78 82
59 113
65 100
60 114
87 88
77 102
86 94
89 92
108 97
99 112
95 123
127 93
102 134
91 151
107 139
117 138
113 141
103 172
114 146
94 215
106 191
137 144
129 169
119 186
133 165
142 154
121 200
138 189
177 150
163 175
151 190
136 222
141 217
145 214
147 210
149 206
130 252
144 231
146 230
203 182
118 296
164 224
198 204
176 227
214 197
284 157
174 245
181 243
167 282
270 192
220 232
175 280
178 277
191 270
202 260
199 272
169 301
205 266
170 307
190 292
211 273
224 298
236 290
229 302
234 308
309 271
343 253
413 235
285 289
253 336
298 303
267 342
255 366
286 341
291 345
334 315
303 380
257 447
225 576
272 420
356 365
308 414
336 393
328 398
306 449
331 404
430 338
301 508
326 423
444 333
320 464
333 440
332 445
417 377
385 411
517 343
391 421
365 459
319 597
371 490
354 537
414 429
387 500
399 476
411 477
379 548
431 454
353 598
393 539
436 472
341 669
397 554
454 481
350 659
498 435
457 482
359 648
484 456
467 478
368 653
401 594
395 625
422 578
418 591
441 565
459 552
669 400
415 631
567 471
538 512
576 488
608 461
386 803
622 484
495 599
458 654
465 657
657 487
408 775
609 517
611 519
513 600
456 702
556 571
501 641
639 520
520 614
650 527
521 629
480 728
590 588
502 720
488 747
510 724
583 621
482 797
570 685
585 655
695 563
659 608
545 752
496 830
566 739
568 749
553 766
672 650
560 777
528 835
664 689
544 828
579 789
631 742
660 725
640 757
563 837
647 765
618 795
637 781
598 822
605 833
652 802
705 721
670 799
694 770
683 831
682 836
628 856
706 842
365855260 1574326558
1
sift 179
10 8
15 11
16 17
24 22
25 32
31 29
38 27
34 35
44 40
50 45
47 51
59 50
51 72
60 53
57 57
56 74
68 63
71 71
63 84
77 76
80 85
75 89
95 80
86 110
107 99
114 102
121 100
87 187
130 129
125 136
138 132
113 164
152 123
144 130
147 126
148 133
153 134
182 120
142 146
133 171
141 158
146 161
167 142
109 237
128 205
155 173
151 176
190 152
193 151
194 157
112 297
164 181
191 175
181 191
202 183
162 247
177 221
213 193
211 199
224 201
287 174
205 225
229 204
269 197
228 219
214 241
220 231
222 239
201 269
255 214
230 233
236 245
234 250
267 244
198 356
292 229
248 268
279 248
302 242
291 252
274 290
304 254
301 263
307 259
295 280
298 281
306 270
294 298
282 308
319 274
314 288
324 284
290 323
283 376
313 334
340 312
354 306
368 300
372 304
350 319
336 332
345 330
379 316
334 358
331 361
361 333
351 350
299 450
395 337
387 373
384 379
383 387
403 375
422 353
415 363
418 377
337 470
441 371
404 407
431 386
397 438
434 411
435 420
442 441
504 412
506 421
502 443
417 515
451 475
399 553
420 548
459 503
426 537
565 424
583 448
495 514
436 576
551 478
500 530
543 490
570 467
457 585
512 522
544 508
560 493
498 557
528 521
473 590
513 543
576 505
561 513
559 517
556 527
532 555
520 575
545 563
488 632
529 573
463 648
652 495
625 511
602 529
549 589
644 519
590 565
571 591
610 561
653 539
616 567
510 653
603 586
677 549
568 643
678 609
649 642
638 649
684 619
683 639
687 640
365855260 1798871232
1
sift 267
5 6
7 7
11 18
14 21
15 25
16 26
25 37
26 41
35 38
31 43
34 48
38 50
46 53
39 63
40 62
51 57
44 61
42 67
50 66
41 81
52 71
58 65
54 77
56 68
55 85
64 72
57 84
101 54
67 82
81 75
59 99
65 93
78 83
60 101
75 87
73 89
71 96
74 92
68 106
77 102
80 98
86 107
95 115
91 128
102 122
88 145
120 110
93 140
117 116
107 126
131 112
103 148
116 124
119 129
113 137
110 144
114 150
106 163
137 142
129 155
171 125
125 162
121 170
142 158
138 174
177 153
163 159
145 176
148 169
136 195
143 186
149 179
151 175
146 187
150 189
134 221
144 206
152 196
164 185
153 209
147 224
165 225
167 229
166 240
226 177
181 222
170 239
175 234
239 173
169 253
160 270
178 254
194 237
191 244
199 236
212 223
201 232
174 269
245 199
242 200
188 261
284 180
202 249
190 266
220 231
185 276
211 258
222 242
208 289
213 283
229 285
236 274
234 280
270 264
230 314
315 256
253 298
285 279
255 325
278 292
283 291
282 304
293 302
225 385
279 322
557 216
298 305
286 319
290 312
291 315
364 273
254 378
292 351
303 334
304 344
295 360
274 388
302 359
313 343
361 316
334 347
476 278
301 390
380 320
330 355
336 354
272 451
269 479
423 303
345 357
306 416
326 375
328 371
354 361
333 395
405 339
310 445
332 405
377 368
365 382
391 366
314 470
444 346
351 423
385 394
337 446
324 485
417 391
341 495
379 444
350 493
329 537
419 409
457 396
319 607
372 497
397 457
387 478
421 435
399 464
460 415
411 466
484 406
353 563
522 389
408 489
436 455
517 402
511 414
521 413
339 657
404 529
467 458
548 407
473 454
507 430
359 625
459 480
581 401
632 386
418 536
452 507
395 586
401 600
512 477
567 437
498 500
495 516
566 456
463 546
501 518
556 488
458 577
539 505
438 614
528 512
466 582
576 496
608 468
520 531
609 475
480 596
625 474
502 581
506 578
488 604
425 719
669 481
483 641
570 539
622 511
527 580
562 548
674 486
554 560
663 499
486 671
529 601
569 576
659 522
705 472
545 621
513 652
538 643
574 615
552 656
482 735
638 593
563 672
611 637
544 714
568 691
644 632
647 634
583 682
670 619
665 635
584 702
628 669
603 709
599 710
652 689
662 679
653 705
672 687
634 739
710 731
365855260 1979133402
1
sift 56
15 32
25 36
31 57
44 82
51 79
75 86
77 97
86 106
82 123
68 175
90 148
109 152
113 150
107 174
128 165
145 186
146 211
121 260
164 254
153 358
175 349
211 322
230 308
264 314
222 356
148 630
237 366
203 448
290 330
283 385
248 486
225 626
366 395
371 431
345 478
553 423
385 541
326 665
465 507
498 504
414 652
512 622
379 859
590 586
632 578
618 587
549 658
705 627
621 726
608 735
495 943
606 813
573 863
617 848
568 967
631 936
