424891007 860836826
1
sift 335
14 14
4 3
46 47
38 43
6 11
63 69
22 25
80 65
68 75
28 29
87 83
25 40
93 91
78 67
29 31
103 94
33 34
150 126
77 85
31 35
106 101
36 42
312 275
85 95
30 46
132 108
52 48
330 265
128 170
71 66
155 161
83 59
505 497
148 154
72 68
186 179
65 73
630 464
194 193
91 64
185 214
82 81
678 481
196 205
95 71
165 248
88 89
593 628
235 243
81 105
247 241
86 99
684 611
257 223
90 102
264 244
102 103
700 669
253 240
101 107
261 258
98 110
702 687
249 255
97 118
297 298
114 111
853 769
263 301
141 97
527 343
109 132
909 778
295 286
179 92
420 408
123 124
877 855
405 381
133 130
490 422
159 120
874 964
442 461
171 112
497 462
135 166
997 935
446 460
157 163
434 600
227 114
1033 923
450 589
191 139
529 519
181 159
1132 1044
550 532
192 146
560 523
197 145
564 520
124 227
651 501
187 160
591 657
204 155
730 549
164 185
662 590
199 169
627 646
207 164
658 630
193 174
698 683
178 208
756 641
216 194
754 665
270 168
844 594
243 202
663 800
237 203
801 627
251 190
646 878
218 217
1016 599
215 228
598 1006
238 213
826 716
220 230
812 750
260 206
733 863
258 211
806 768
250 234
912 721
225 270
897 747
289 216
984 706
290 224
936 786
254 266
741 966
283 249
843 926
280 260
880 938
292 250
1129 780
284 257
908 918
271 268
1109 849
298 253
1010 982
318 242
309 256
1107 936
268 299
255 338
1112 974
287 293
302 296
327 277
269 342
303 313
340 281
337 288
349 283
305 336
394 254
315 333
373 287
336 326
385 289
331 344
332 345
380 310
339 354
325 380
427 297
365 348
396 309
455 292
395 321
412 312
351 385
363 377
381 346
344 394
425 322
426 355
352 437
441 356
436 368
498 340
457 371
409 407
397 429
471 388
379 500
399 452
438 435
440 434
549 374
478 402
430 446
392 480
536 386
486 417
451 442
515 403
1012 294
500 433
499 436
671 375
680 376
576 414
585 410
417 555
432 554
570 431
480 483
448 538
538 456
552 470
695 425
722 416
516 512
603 455
534 499
491 551
521 511
545 502
504 566
519 542
588 486
522 553
556 536
496 619
640 476
595 508
509 604
542 565
744 454
668 493
679 485
667 498
596 541
618 527
494 689
612 548
642 531
665 524
776 473
645 547
629 559
523 688
637 583
675 572
557 685
913 478
743 576
660 671
703 648
638 684
625 702
715 640
749 613
589 751
728 650
622 739
770 626
578 817
708 703
823 610
737 694
910 588
558 971
656 798
817 680
896 664
950 656
848 712
799 771
791 783
938 709
760 836
854 749
1038 658
725 910
811 787
795 834
798 835
1031 682
889 801
820 867
840 864
885 829
918 846
1069 784
1083 776
978 893
964 917
967 927
930 976
1048 854
990 940
962 968
1108 842
1079 861
902 1043
971 990
1089 870
1074 888
1106 853
929 1031
1050 911
1081 891
1124 877
1082 920
1116 889
1007 1004
1102 928
911 1077
1100 1009
1036 1063
424891007 1124316966
1
sift 161
63 60
4 7
106 108
31 32
68 58
27 37
559 669
37 36
80 89
33 42
48 67
87 116
52 64
50 65
103 113
71 62
65 70
128 93
85 71
77 88
150 153
99 72
96 86
185 143
101 82
109 115
186 158
124 104
164 112
210 212
127 151
169 126
247 221
148 136
143 145
293 238
181 133
192 155
264 272
199 171
235 154
286 273
266 142
225 180
347 228
218 187
224 184
330 247
205 219
228 195
442 348
254 185
172 330
462 335
216 251
257 213
434 358
263 207
253 234
490 340
295 231
336 222
529 323
305 246
339 248
505 361
357 259
337 282
420 452
340 369
397 295
482 391
452 281
405 307
492 389
439 316
438 331
497 439
463 314
446 342
550 393
412 366
493 315
598 407
480 347
558 311
564 445
557 317
417 450
663 392
504 388
523 379
591 444
468 494
594 371
698 397
612 368
542 430
627 487
578 404
675 383
593 515
840 329
647 396
704 522
571 467
666 399
684 539
645 426
450 741
806 459
625 488
725 423
707 549
658 470
786 405
646 709
667 496
582 567
733 639
568 585
793 415
813 587
554 635
737 477
877 594
664 535
622 565
844 649
801 464
661 583
915 618
854 458
636 631
897 638
830 498
962 440
909 702
735 566
999 435
1033 693
799 543
1095 431
1001 474
893 590
731 722
811 642
1041 526
881 619
950 617
908 650
983 606
973 625
984 629
1118 563
884 720
964 682
1097 630
1107 690
1117 683
1074 727
424891007 1249130758
1
sift 298
63 71
26 31
80 65
78 60
28 32
68 76
29 33
87 73
77 81
33 34
93 87
30 49
103 85
85 104
52 51
106 107
83 58
113 118
128 171
71 69
150 129
65 75
210 179
148 154
72 78
186 174
92 62
312 273
185 211
91 66
165 255
95 70
330 265
235 205
82 98
264 239
88 91
420 417
257 202
81 114
306 377
90 113
553 435
253 252
102 110
462 347
101 111
505 477
263 304
110 109
393 459
98 123
593 558
405 384
141 89
362 557
109 139
651 539
490 421
123 138
492 438
159 119
559 626
446 476
133 141
434 574
191 135
700 614
463 509
170 150
442 563
227 121
678 647
730 393
135 194
550 610
187 148
684 676
450 724
197 144
529 757
204 152
707 778
627 649
157 195
698 674
193 161
844 671
658 668
182 176
704 682
144 226
853 699
661 731
164 198
756 660
199 175
877 709
754 687
207 169
812 656
192 182
702 864
1016 575
270 142
663 946
179 210
874 804
897 745
178 215
806 867
216 185
909 847
741 994
258 165
976 801
230 200
1033 1029
984 796
218 217
733 1048
237 204
880 936
238 206
936 1019
215 238
908 967
260 199
220 254
1107 889
250 251
251 253
1112 1003
289 225
284 228
290 232
292 250
298 256
280 268
318 240
271 275
268 284
283 270
254 309
287 272
300 264
273 296
303 271
349 246
255 335
337 282
340 280
305 316
308 329
373 294
269 392
385 287
315 339
380 305
427 276
302 379
332 330
336 331
331 345
364 326
396 310
365 334
339 366
455 291
363 353
426 313
342 390
344 408
351 420
498 315
354 424
457 338
425 375
471 363
436 391
368 480
479 364
397 429
528 350
422 422
500 386
438 437
399 460
440 440
499 395
536 383
466 425
383 511
576 361
585 359
515 402
478 427
451 457
439 487
539 398
392 554
531 430
595 399
468 503
617 396
480 492
534 453
452 560
432 620
611 432
533 482
588 439
613 431
552 495
504 550
570 474
719 433
695 452
629 499
679 471
542 585
556 597
640 522
776 456
516 690
668 547
522 700
626 576
565 658
530 708
728 538
910 458
641 587
523 737
913 467
731 548
612 634
665 599
622 632
625 625
557 738
645 673
637 685
636 735
703 693
770 644
745 670
749 669
660 746
708 713
782 653
715 752
669 782
578 883
737 739
896 688
817 740
948 696
977 684
738 825
820 783
982 720
938 748
795 835
798 838
1038 712
978 765
814 842
792 881
764 952
946 815
975 807
990 824
760 1063
1083 800
967 862
1106 798
972 880
886 960
1084 820
962 912
1079 830
1074 831
996 906
840 1060
1050 876
1124 861
1048 925
1002 995
1089 916
1023 1030
1116 986
1126 972
1072 1043
1115 1011
1091 1047
1108 1051
1100 1073
424891007 1350020634
1
sift 52
46 49
52 67
80 87
65 70
87 98
71 80
103 120
109 85
156 133
148 100
150 158
101 145
210 245
127 225
678 576
164 176
445 351
238 276
853 736
339 366
490 325
394 331
877 712
336 412
696 307
452 421
550 389
564 407
494 439
492 489
627 420
658 424
754 381
559 474
542 543
807 387
733 433
626 482
704 519
897 492
496 858
962 458
1109 570
908 572
761 762
1022 820
854 703
902 678
737 869
895 702
793 935
1112 739
424891007 1581090896
1
sift 224
46 55
26 27
63 80
78 65
29 30
80 68
28 33
93 75
77 92
33 36
87 86
30 56
103 99
85 103
52 58
106 117
83 60
150 133
148 154
71 76
155 158
66 81
210 134
186 166
82 97
165 206
88 95
196 194
181 195
96 100
264 238
142 78
330 258
194 201
90 118
313 344
102 110
420 370
253 256
101 119
434 381
98 126
505 499
263 302
140 129
393 482
191 121
559 556
305 282
151 153
492 425
197 145
550 590
331 348
204 142
487 471
157 176
651 527
345 330
200 148
593 594
270 123
678 571
405 374
193 165
627 629
182 173
684 622
450 417
164 203
700 641
192 181
707 722
446 484
178 221
529 1009
180 237
853 674
463 531
237 190
663 840
218 210
702 813
504 682
258 183
897 699
212 253
698 839
658 651
290 209
635 1057
298 208
909 784
801 759
289 212
756 920
250 267
877 894
741 908
284 248
733 971
318 223
936 936
735 923
251 295
806 877
309 244
1078 827
802 895
280 278
1010 853
337 271
1033 1027
984 772
340 284
1109 1085
365 269
880 956
308 314
402 254
908 932
385 264
373 288
1107 888
427 257
315 324
1112 929
380 297
325 339
336 326
426 283
332 341
363 316
498 281
339 385
425 309
352 394
354 427
344 450
457 365
471 358
342 505
478 362
422 403
528 352
438 419
409 453
397 473
451 421
440 443
392 539
399 540
419 547
744 353
396 580
417 562
534 424
480 495
439 553
571 432
695 396
432 652
679 437
603 487
629 486
468 685
668 494
910 404
640 519
776 465
606 560
642 541
530 659
556 633
622 603
913 466
557 696
645 599
523 750
612 637
728 576
625 654
743 615
715 675
867 574
749 639
1031 522
708 695
703 700
589 794
896 630
950 653
848 724
977 676
938 714
1007 683
811 781
820 774
760 818
738 881
1083 677
854 792
1079 688
798 829
795 856
792 866
1106 706
990 757
1074 763
840 960
978 848
889 944
967 900
1084 801
1124 795
1048 884
996 958
1126 822
1089 916
1037 966
1091 934
1077 996
1117 993
1100 1055
424891007 1763636214
1
sift 127
46 48
27 57
80 60
30 56
83 47
63 74
77 78
87 75
181 132
89 89
186 149
102 102
99 122
199 141
90 115
165 180
101 107
148 154
157 231
204 143
330 253
192 179
228 191
153 240
237 168
306 406
218 227
235 246
305 289
290 198
434 334
298 196
263 298
253 373
318 190
420 394
402 206
462 372
308 314
385 222
492 418
340 248
505 458
332 337
498 213
678 502
337 297
446 551
331 346
425 259
593 569
380 305
450 785
354 507
458 350
550 623
479 340
627 620
387 544
499 408
684 599
451 508
756 668
438 538
679 368
707 734
397 594
897 644
439 570
913 333
909 728
480 515
786 736
417 603
606 490
698 980
392 675
728 1029
491 616
509 608
812 913
668 516
662 1164
522 722
776 486
806 972
645 621
877 1018
504 819
708 634
1109 969
523 797
984 923
582 828
557 790
1033 1055
703 674
880 1050
725 713
715 667
1122 989
848 598
893 1053
731 900
771 677
1132 1042
896 654
908 1044
795 963
914 656
1079 604
1107 882
845 1016
764 774
938 669
1112 921
977 690
820 800
1096 1171
1083 662
1082 688
1106 696
793 903
1002 803
894 907
1074 906
1077 1167
