570539746 753120338
1
sift 86
732 705
93 75
460 350
112 107
1105 751
156 147
667 764
188 169
990 1033
287 140
817 754
359 133
1637 1455
300 202
790 1170
306 207
272 221
1065 888
283 279
307 291
1341 860
353 266
358 261
373 252
297 347
386 271
339 331
337 436
542 297
467 363
535 339
487 401
394 513
672 403
537 493
489 594
572 495
526 588
838 452
794 515
671 613
924 511
1554 395
921 572
702 734
951 599
917 615
1131 565
783 731
911 663
934 653
1006 631
920 688
928 689
961 706
812 924
1016 743
1400 597
927 816
1073 733
1768 536
903 869
972 852
1127 845
1303 753
1231 806
1241 812
1113 1024
1502 815
1140 1089
1376 918
1054 1257
1423 935
1183 1154
1641 889
1431 973
1681 952
1411 1100
1251 1395
1513 1146
1685 1050
1291 1442
1551 1242
1614 1400
1729 1354
1804 1301
570539746 762030273
1
sift 626
128 108
25 28
3 5
184 147
39 32
5 4
289 205
65 61
7 7
319 236
92 74
6 9
399 349
206 228
10 10
434 398
345 339
12 14
420 457
332 294
14 17
473 477
350 333
15 21
518 469
419 325
16 23
914 316
417 391
19 20
581 473
427 393
23 25
536 556
475 379
24 27
624 575
490 462
27 36
700 644
524 431
35 38
716 664
553 727
34 42
757 694
678 573
42 43
916 707
675 629
41 45
894 896
653 661
51 46
1009 898
649 675
46 48
1172 845
819 923
50 56
1295 1065
722 774
58 50
1310 1091
949 907
54 54
1225 1217
990 932
60 67
1364 1245
937 1030
45 81
1380 1276
1005 974
71 65
1443 1399
1027 1045
72 64
1534 1367
1083 971
77 63
1316 1679
1116 1022
80 62
1774 1545
1190 959
79 77
1766 1613
1062 1201
91 82
1121 1152
104 78
1102 1170
81 106
1105 1238
99 84
1168 1260
93 95
1497 980
103 83
1257 1218
101 94
1243 1259
105 86
1227 1350
111 87
1324 1295
110 96
1421 1210
112 102
1637 1136
116 98
1223 1603
114 104
1491 1534
119 100
1515 1671
122 101
1728 1457
120 105
1799 1407
123 116
1808 1428
133 107
1762 1819
117 121
142 109
132 117
180 91
145 120
127 141
150 118
149 122
146 126
156 128
152 132
165 130
162 137
164 136
163 139
166 140
169 143
159 153
158 155
170 145
177 154
185 152
188 160
167 180
215 146
186 168
198 165
197 176
208 173
194 187
195 191
216 178
223 177
203 194
234 174
229 190
242 195
240 199
277 181
246 197
227 225
258 202
249 214
255 212
276 206
261 216
239 246
231 259
269 218
272 215
262 226
285 210
274 224
259 250
235 273
237 278
283 239
328 211
304 234
293 241
253 280
282 258
273 268
302 248
308 253
310 254
313 256
330 245
339 257
317 271
287 299
329 277
307 321
347 263
256 425
335 282
341 288
357 276
338 302
306 368
337 315
299 390
342 312
346 303
358 287
356 292
336 336
360 289
348 324
353 318
385 272
355 331
375 291
340 360
408 265
363 322
394 286
368 343
384 301
365 351
343 396
391 307
316 461
361 377
393 323
373 380
402 327
436 298
370 392
396 364
327 509
413 353
444 326
382 403
388 397
386 401
392 395
418 372
411 387
430 367
467 346
450 370
416 418
453 385
407 422
448 394
437 407
459 389
395 441
455 400
482 374
498 376
463 411
440 432
452 423
443 440
458 428
433 459
500 414
476 433
513 416
439 482
489 427
479 436
454 471
520 419
511 430
364 725
466 480
539 417
497 470
460 510
496 483
535 467
564 465
505 526
367 942
529 502
537 503
556 485
591 453
579 474
527 537
526 542
545 516
557 508
538 532
572 501
447 739
651 450
487 655
570 531
577 525
883 384
542 599
1317 297
551 597
562 604
584 567
625 540
646 533
588 593
598 587
741 494
604 603
686 541
677 547
658 557
614 609
616 605
631 595
619 612
627 601
633 596
623 608
748 517
632 607
647 586
618 627
601 666
641 626
736 554
634 641
687 616
617 676
655 633
660 631
672 637
670 640
671 643
797 551
635 684
662 654
587 750
628 701
717 632
679 659
743 615
650 697
747 618
809 562
472 1204
667 714
710 682
696 705
801 606
735 667
742 672
763 651
755 662
721 710
683 740
730 703
802 638
712 730
764 679
685 771
665 803
725 746
726 755
656 823
699 787
702 785
799 696
644 891
770 731
836 674
697 838
783 745
728 819
822 721
786 751
753 796
775 767
674 916
737 826
771 782
719 897
780 797
920 687
866 728
790 825
931 706
739 948
911 741
867 768
782 921
896 775
884 804
963 753
1128 669
1010 734
901 818
921 810
962 802
997 780
891 856
893 863
777 1053
1071 742
956 817
690 1268
861 914
846 935
935 843
1091 743
917 875
1132 732
928 870
1001 830
885 929
951 879
907 940
838 1054
998 884
999 886
1023 859
975 910
746 1278
1041 866
910 1008
1100 834
787 1230
970 966
1312 729
1065 900
1060 919
860 1134
940 1033
968 1019
858 1156
932 1093
929 1101
972 1070
1038 981
1074 947
1197 858
1052 991
1026 1021
1073 976
1049 1018
942 1139
1019 1072
961 1137
1201 892
827 1377
1141 955
1152 946
1016 1112
1127 992
1006 1144
1158 977
991 1175
992 1189
1165 984
915 1292
1098 1080
1066 1123
1217 939
1077 1116
1089 1095
1086 1115
1156 1044
1162 1039
1154 1064
1115 1108
1330 912
1219 987
1063 1181
1142 1113
1192 1063
1099 1160
1182 1074
1205 1048
1282 964
1251 1010
1674 789
1057 1231
1196 1086
1208 1090
1058 1274
1177 1138
1150 1162
1139 1185
1024 1324
1241 1078
1329 1000
1113 1227
1117 1225
934 1515
926 1550
985 1475
1069 1348
851 1773
1125 1284
1200 1177
1379 1006
1209 1183
1092 1347
1176 1237
1311 1133
933 1708
1323 1131
1088 1430
1090 1410
1279 1166
1120 1396
1135 1388
1189 1303
1228 1243
1348 1154
1303 1197
1306 1193
1605 985
1431 1098
1382 1128
1376 1141
1231 1299
1256 1280
1422 1126
1030 1689
1277 1261
1582 1035
1514 1085
1204 1379
1245 1320
1202 1401
1564 1083
1237 1362
1148 1540
1214 1412
1272 1338
1375 1212
1446 1176
1146 1601
1715 1032
1236 1408
1287 1344
1387 1241
1649 1109
1503 1167
1179 1610
1291 1419
1235 1508
1298 1417
1242 1516
1326 1395
1468 1258
1171 1704
1140 1775
1334 1440
1313 1504
1606 1205
1824 986
1681 1178
1327 1513
1559 1266
1258 1673
1353 1557
1477 1400
1393 1514
1357 1578
1262 1740
1492 1425
1222 1808
1419 1535
1686 1308
1352 1639
1541 1429
1345 1684
1672 1357
1694 1343
1780 1281
1786 1272
1599 1449
1470 1579
1506 1542
1664 1421
1717 1365
1511 1551
1481 1591
1512 1560
1344 1787
1660 1479
1619 1511
1568 1544
1787 1342
1689 1488
1486 1663
1504 1660
1668 1541
1437 1785
1607 1605
1517 1675
1646 1588
1518 1687
1544 1672
1562 1669
1812 1369
1451 1796
1770 1487
1734 1536
1826 1283
1629 1685
1743 1561
1598 1727
1524 1792
1680 1658
1682 1690
1675 1717
1650 1751
1723 1674
1792 1583
1663 1772
1595 1809
1794 1625
1735 1753
1529 1834
1685 1825
1821 1726
1827 1666
570539746 854684009
1
sift 70
675 711
50 53
93 51
990 1158
112 89
166 111
156 114
188 140
277 118
306 154
272 163
373 173
386 180
307 238
358 200
337 279
460 226
467 283
439 306
394 379
526 304
686 305
538 385
600 343
572 375
537 451
657 412
736 378
671 455
924 365
616 608
702 581
911 480
921 477
667 677
849 524
928 510
961 507
880 572
817 670
1201 500
1162 514
968 618
975 622
981 628
670 1072
1394 472
927 764
1127 621
903 794
1274 557
1241 636
1153 752
867 1061
1113 825
1085 877
1468 696
1787 593
1202 917
1042 1174
1183 1027
1571 836
1252 1196
1411 1074
1733 908
1685 993
1428 1187
1614 1133
1749 1067
1771 1139
570539746 1078683094
1
sift 166
689 680
92 58
7 5
38 22
312 197
50 41
54 48
332 235
68 54
93 56
475 325
116 70
120 75
653 374
112 79
127 82
567 462
146 87
156 107
824 465
216 96
179 122
675 766
165 132
229 108
649 918
239 119
188 165
826 785
201 157
258 162
949 807
272 166
285 163
1105 725
311 155
283 190
1005 826
246 209
340 168
1061 799
352 164
454 135
990 862
373 189
307 216
1083 888
353 205
358 207
1421 744
297 244
346 245
1216 921
337 285
400 238
1324 1000
383 251
394 277
1168 1363
460 259
467 265
1688 973
404 306
416 308
1420 1251
414 326
513 281
1408 1313
521 316
453 358
1491 1272
777 252
526 324
1409 1376
593 359
599 357
672 334
641 361
572 408
657 360
619 386
671 413
603 472
838 352
642 460
933 340
616 519
574 630
736 506
712 530
920 411
921 417
1131 379
702 606
727 618
891 508
962 491
928 528
934 531
863 570
935 574
954 566
812 643
918 599
901 615
927 629
961 619
790 795
783 847
1181 572
1052 627
646 1096
929 696
1361 513
1797 418
1162 600
1127 628
1040 665
903 770
1468 555
1294 610
1179 663
1167 683
1027 812
969 864
1141 727
1113 768
1142 829
1303 726
1202 809
1118 893
1189 838
1341 739
939 1112
1394 732
1290 821
1186 919
1218 895
1183 1009
1078 1191
1091 1244
1503 875
1740 780
1484 939
1360 1031
1536 936
1391 1032
1502 969
1251 1223
1529 1021
1291 1256
1411 1131
1551 1054
1372 1200
1586 1135
1323 1425
1495 1218
1363 1375
1353 1448
1681 1203
1639 1262
1748 1172
1802 1127
1671 1346
1804 1194
1614 1431
570539746 1178269393
1
sift 646
28 36
0 0
3 2
62 64
39 41
7 6
70 70
76 44
10 11
84 95
419 398
16 14
128 122
121 115
12 17
141 136
417 453
11 20
184 172
312 336
14 18
289 290
506 400
17 19
319 310
475 406
21 21
399 390
501 407
24 25
420 418
412 486
23 26
434 422
490 430
36 23
522 425
427 510
27 30
518 456
653 519
34 32
914 328
553 564
41 37
620 488
678 523
37 43
624 586
615 504
45 42
581 684
559 891
49 40
654 619
649 971
46 47
716 703
773 928
51 48
689 748
949 830
50 50
759 686
819 1042
60 51
700 734
990 904
57 53
734 730
1005 918
54 56
733 765
1083 914
71 59
804 712
1028 1111
68 68
757 779
1105 898
74 65
859 833
1116 1061
79 62
916 816
1216 1013
69 76
874 1021
1243 1182
81 67
960 941
1168 1358
86 69
1009 883
1324 1179
85 73
1172 1105
1223 1456
83 78
1225 1187
1420 1243
90 74
1265 1280
1637 1125
93 79
1364 1172
1491 1413
99 83
1310 1270
1799 1524
80 110
1295 1298
1755 1694
101 88
1380 1326
103 87
1381 1401
105 92
1475 1327
111 94
1443 1475
108 100
1714 1435
112 99
1691 1590
104 106
1766 1598
114 104
120 102
116 103
110 111
118 105
107 113
122 108
119 117
96 141
127 124
148 112
135 131
157 121
146 133
149 135
154 140
166 137
156 146
170 142
163 150
165 147
179 152
174 155
194 148
197 156
187 171
203 161
195 167
224 153
202 165
185 180
227 157
188 183
201 178
216 174
234 189
229 193
223 198
219 202
239 187
240 195
226 220
263 192
230 221
249 200
255 201
243 217
269 197
259 211
214 275
257 215
235 241
256 222
272 223
287 213
273 226
274 227
285 216
283 224
306 214
327 206
281 234
275 256
302 243
295 249
315 242
284 281
244 342
317 252
292 280
313 260
308 268
300 279
311 277
323 262
304 292
336 258
320 278
297 301
352 265
307 321
359 266
329 303
371 254
328 304
343 285
368 283
339 312
381 264
358 298
346 314
353 315
344 332
356 327
363 330
373 318
402 294
361 338
322 383
357 343
392 305
370 337
335 393
360 359
455 289
367 352
394 320
472 291
406 340
383 357
454 319
437 339
569 273
400 353
418 350
385 377
393 380
391 387
436 356
423 368
433 365
425 378
467 355
413 403
416 416
452 394
404 426
493 364
610 317
453 405
460 411
517 373
410 455
535 369
463 420
378 534
514 397
497 404
487 408
479 423
459 436
496 417
513 415
466 443
500 428
491 444
489 449
555 410
505 445
542 421
521 446
499 477
544 438
538 447
557 434
519 472
526 478
476 551
558 470
465 606
552 497
617 450
607 457
539 524
588 471
651 435
547 513
686 439
572 502
646 459
570 529
612 493
574 521
719 442
630 489
599 506
746 441
593 531
697 463
512 687
748 452
609 542
644 518
556 631
657 511
641 536
744 479
656 530
660 539
637 556
658 545
589 602
666 547
670 548
571 651
627 577
603 601
647 576
661 571
672 566
628 607
618 613
683 574
623 623
634 617
717 568
710 579
667 620
631 667
655 640
737 581
696 616
736 592
818 540
728 609
947 485
741 614
777 585
747 624
751 622
687 704
755 625
712 692
665 718
635 750
742 680
771 649
827 605
735 699
830 603
753 683
799 644
795 658
851 596
784 675
740 727
727 754
838 646
915 590
721 792
883 643
921 618
1023 580
801 726
768 764
808 722
786 747
763 783
783 773
780 775
863 708
892 696
864 709
766 801
790 793
901 707
1065 615
933 689
1157 578
832 766
1019 655
858 731
860 729
754 858
917 716
956 705
861 755
816 795
862 763
807 810
812 806
891 744
992 706
836 794
1014 691
1383 532
932 723
924 728
884 768
1089 663
903 780
927 760
886 788
782 902
1350 572
1166 665
867 813
1317 593
907 808
997 777
775 987
895 824
1022 774
931 811
857 881
1091 741
1047 789
910 862
1162 717
961 829
912 867
998 815
968 831
951 847
1001 827
1016 836
1036 838
938 917
770 1177
962 912
966 915
940 939
982 903
1052 860
1099 825
869 1033
1073 843
970 954
1131 821
972 960
1127 822
939 977
899 1031
1026 894
929 1004
979 973
1262 769
769 1284
963 1002
1024 950
1077 896
1141 861
1049 945
980 1019
1006 996
1142 878
843 1194
1156 870
1100 933
1027 1018
967 1073
974 1072
1086 970
941 1108
1149 919
954 1132
1176 921
1179 927
1113 999
1123 1007
1112 1020
1219 899
1163 978
1634 751
1177 974
1192 966
1417 809
1352 849
1349 852
1181 986
1184 988
1241 938
1150 1037
1167 1022
1074 1116
1242 958
1012 1190
1104 1104
1209 990
1311 909
1120 1090
1182 1036
1294 931
1393 866
1171 1086
1188 1074
1186 1080
1245 1039
1200 1083
1251 1049
977 1380
1529 856
1222 1082
1010 1357
1204 1122
1468 910
1202 1145
1522 890
1208 1146
1582 880
1140 1238
1228 1140
1274 1100
1394 1003
1290 1095
1503 952
1122 1302
1002 1519
1444 1008
1376 1048
1287 1129
1078 1439
1530 980
1375 1077
1238 1204
1279 1174
1277 1178
1203 1272
1288 1180
1341 1158
1348 1156
1388 1126
1568 1027
1328 1184
1258 1268
1291 1232
1305 1218
1513 1081
1235 1331
1234 1333
1612 1057
1319 1275
1353 1216
1303 1289
1326 1276
1344 1251
1508 1134
1268 1344
1372 1213
1293 1315
1306 1313
1373 1248
1660 1114
1606 1138
1495 1183
1605 1155
1631 1148
1386 1295
1367 1318
1296 1449
1786 1067
1710 1142
1506 1255
1207 1648
1422 1339
1438 1342
1538 1266
1382 1414
1323 1520
1429 1404
1500 1321
1387 1442
1787 1147
1692 1215
1724 1200
1517 1325
1467 1405
1750 1199
1486 1397
1686 1269
1581 1328
1518 1369
1533 1363
1623 1319
1668 1306
1527 1392
1298 1671
1584 1347
1790 1202
1743 1250
1484 1466
1607 1362
1428 1557
1586 1391
1496 1480
1516 1461
1723 1303
1431 1587
1573 1423
1726 1312
1639 1395
1535 1464
1583 1425
1729 1317
1599 1430
1670 1385
1571 1460
1507 1506
1411 1636
1559 1478
1681 1415
1437 1647
1540 1550
1502 1615
1483 1629
1740 1408
1363 1706
1731 1429
1772 1372
1812 1297
1770 1396
1542 1626
1656 1572
1405 1708
1682 1549
1465 1699
1663 1606
1564 1664
1651 1624
1687 1607
1719 1576
1672 1654
1620 1686
1748 1612
1794 1530
1804 1540
1792 1621
1823 1563
1826 1718
570539746 1499149563
1
sift 84
675 688
50 44
93 50
1105 762
112 90
116 85
990 883
122 118
166 105
1637 959
156 121
165 165
188 143
272 168
306 159
285 175
303 185
283 204
373 171
353 189
307 225
358 199
386 193
337 301
460 249
467 250
487 261
394 336
600 259
526 307
672 294
538 378
572 362
838 285
686 351
671 445
1131 331
667 518
921 401
702 569
1065 419
934 471
1162 428
961 495
917 525
817 593
823 590
1006 505
1073 487
903 557
975 550
783 683
812 655
968 565
1394 440
974 578
927 609
1226 506
790 801
1179 566
1201 558
1141 584
972 684
1582 466
1103 604
1016 677
1127 623
864 827
1241 579
1231 629
867 921
939 865
1502 562
1054 848
1153 780
1425 630
1468 666
1202 837
1423 734
1411 806
1183 1103
1207 1145
1605 1026
1685 1000
570539746 1765857571
1
sift 278
128 86
345 238
17 13
184 135
68 56
16 24
289 174
332 306
27 31
434 305
350 310
38 42
420 345
312 356
42 41
399 385
477 334
41 46
516 353
427 277
51 44
518 370
475 393
45 67
624 425
419 315
50 63
700 436
547 454
54 55
716 549
490 468
99 78
757 527
567 494
91 93
1076 579
507 474
101 88
916 714
603 519
111 96
914 964
553 428
93 111
1009 947
642 493
112 112
1172 899
645 558
135 125
1096 1099
1005 969
156 131
1225 1033
675 709
165 132
1295 1051
1027 1002
146 153
1310 1184
819 564
167 190
1381 1147
1168 1060
223 172
1380 1257
653 752
216 178
1443 1314
1227 1065
234 184
1364 1469
680 910
240 193
1732 1187
1216 1102
255 189
1534 1332
722 868
232 208
1774 1351
1186 1193
239 253
1701 1625
1028 930
283 219
1766 1578
1324 1295
341 247
1809 1673
1243 828
397 209
1817 1636
1491 1399
273 350
1102 1006
408 215
1420 1665
336 274
878 1368
297 341
1515 1608
360 262
824 1568
337 291
1580 1572
385 251
1105 1157
358 288
1806 1472
346 308
1190 1074
363 296
391 266
990 1346
394 271
306 419
1730 1525
383 313
373 342
1637 1670
357 366
480 275
1808 1672
435 301
440 304
424 320
416 349
392 372
467 319
400 386
407 414
489 365
460 413
462 423
513 398
552 380
521 440
600 406
499 567
572 441
526 528
574 461
618 437
579 521
623 476
616 504
593 560
631 510
598 574
604 586
668 513
635 540
687 507
582 636
671 600
679 591
822 465
725 587
712 602
836 475
848 462
764 562
736 641
717 675
686 711
672 737
866 520
791 610
726 696
770 649
658 804
808 632
657 977
861 651
753 844
665 1057
877 684
1205 515
974 662
702 1048
1065 640
920 765
911 786
1091 695
867 920
816 1040
975 836
921 954
1125 769
1052 843
961 968
1020 897
910 1041
951 1008
1092 881
1078 956
929 1100
932 1093
837 1352
978 1111
1073 1032
1196 911
908 1241
1176 942
1114 1024
829 1492
981 1172
1127 1035
1112 1072
1251 923
838 1605
1442 825
970 1334
934 1418
1070 1229
901 1531
1087 1238
1330 1004
1140 1200
1115 1236
1086 1270
992 1475
1128 1226
1068 1337
1268 1085
1201 1214
1024 1537
1375 1058
1090 1427
1249 1204
1290 1162
1054 1569
1531 996
1042 1621
1135 1481
1278 1230
1139 1499
1282 1275
1202 1415
1241 1364
1422 1171
1502 1141
1353 1268
1341 1338
1322 1426
1294 1471
1377 1376
1480 1303
1675 1203
1287 1631
1533 1301
1500 1359
1716 1208
1798 1139
1477 1486
1563 1444
1525 1482
1425 1614
1599 1425
1734 1324
1503 1541
1517 1557
1800 1287
1492 1627
1660 1502
1575 1573
1504 1681
1484 1695
1648 1617
1482 1715
1777 1560
1747 1661
1812 1529
1574 1729
1731 1713
1818 1677
