753120338 762030273
1
sift 70
764 714
75 95
1033 932
107 102
888 900
147 128
1455 1136
169 160
1170 825
221 215
249 209
1450 744
207 368
279 239
261 287
265 317
331 257
252 380
270 402
365 285
363 346
436 315
513 286
339 467
305 574
598 314
403 637
495 501
493 503
594 427
588 542
610 527
490 700
613 643
572 810
688 687
663 741
599 879
615 875
731 745
734 785
689 870
815 737
792 843
733 976
565 1640
706 1137
743 1112
1042 769
845 992
812 1078
838 1041
753 1197
851 1069
836 1106
806 1299
918 1141
973 1098
1154 1075
939 1333
1024 1227
1395 1010
1000 1410
1138 1355
1231 1401
1414 1272
1089 1775
1290 1519
1050 1825
1467 1486
753120338 854684009
1
sift 262
12 12
3 0
6 7
103 56
397 251
15 6
137 103
37 28
11 8
127 113
458 268
23 21
185 119
274 214
18 29
206 137
48 35
296 209
310 219
57 34
320 244
66 44
420 288
350 226
67 55
387 380
75 51
534 398
627 358
79 54
711 315
91 59
559 446
830 538
100 58
729 336
108 64
611 467
754 670
94 73
656 430
110 67
810 564
764 677
86 99
911 602
106 75
998 587
716 798
109 77
1062 600
107 89
1013 694
1157 722
114 86
1243 611
123 82
1362 638
1166 943
130 85
866 1068
82 118
1410 920
1032 1159
129 90
1245 1205
121 93
1318 1193
1311 1083
117 97
1424 1209
125 95
1230 1240
115 112
118 116
170 100
147 114
219 108
169 140
179 134
182 138
195 132
201 136
203 146
207 154
211 168
233 157
221 163
239 176
252 173
283 167
224 222
270 179
265 186
261 200
268 199
248 230
254 228
226 258
279 224
305 198
302 205
291 238
311 233
369 212
396 202
376 220
381 218
452 191
361 242
362 248
366 249
364 264
349 280
363 283
385 272
436 279
444 278
466 277
400 323
515 285
504 300
470 324
497 318
588 304
461 373
584 309
518 346
543 340
495 375
477 409
511 365
513 379
512 399
660 317
493 451
618 343
589 366
566 422
623 362
603 392
592 428
590 444
572 477
631 407
607 450
790 328
637 425
571 491
690 368
610 454
613 455
616 486
694 445
663 480
658 487
771 405
652 534
880 420
689 510
753 482
661 559
706 507
594 687
748 516
873 473
727 579
967 461
734 581
715 607
867 519
742 637
839 557
857 553
797 589
767 618
876 554
792 601
1036 495
944 528
812 636
887 583
845 621
838 627
814 654
886 591
1048 513
778 696
798 688
906 605
885 628
931 599
802 732
924 662
816 764
828 773
823 782
1156 542
836 787
868 793
1066 661
1142 645
1102 673
932 809
843 936
1127 708
1186 686
1428 578
950 882
1352 643
992 842
1024 825
1215 725
957 915
1039 841
947 959
1137 806
1204 777
1140 812
1193 792
1087 843
937 1021
1138 827
1208 800
1227 789
1415 726
1161 876
1068 966
1184 864
1050 993
1399 776
1402 796
1042 1060
1134 991
1264 875
1090 1037
1231 917
1141 1002
1253 904
1201 974
1089 1076
1100 1074
1194 992
1154 1027
1470 746
1107 1132
1341 939
1188 1142
1337 1007
1295 1071
1349 1020
1333 1041
1224 1157
1312 1084
1359 1069
1320 1116
1387 1089
1334 1176
1367 1146
1400 1133
1395 1195
1464 1092
753120338 1078683094
1
sift 197
346 211
37 25
23 17
320 289
29 22
420 257
274 196
42 28
729 310
75 56
534 400
310 262
114 75
558 405
107 79
611 483
397 235
94 86
657 466
125 77
810 608
350 259
130 78
1062 681
86 115
911 837
458 477
106 94
1410 955
121 88
1366 624
627 465
123 101
1318 1036
109 113
1085 784
888 369
129 126
1260 1276
147 107
751 725
169 165
211 132
704 850
203 143
201 164
860 739
221 166
239 156
830 968
233 181
326 140
1033 862
252 189
279 190
1170 795
265 204
261 207
1311 869
272 227
351 215
1157 987
303 252
275 293
1397 870
249 339
347 244
1455 899
315 275
224 451
1450 1377
305 295
363 265
365 278
389 294
504 240
436 285
358 342
369 365
403 334
513 277
406 401
455 348
480 329
452 352
515 327
482 360
361 561
512 338
553 326
588 324
433 437
495 408
468 439
565 379
617 376
572 417
931 301
543 446
613 413
497 551
556 484
594 441
601 448
573 505
557 543
688 411
607 502
590 572
542 611
653 531
689 528
636 603
587 728
632 657
778 555
654 677
706 619
669 676
734 606
745 607
816 629
845 628
753 726
1041 571
809 710
742 789
836 694
924 643
853 703
731 847
797 779
817 826
868 771
802 881
944 738
717 1039
814 927
941 783
874 877
886 884
771 1021
815 969
1029 748
904 889
1024 768
974 855
801 1094
1399 650
1068 839
1001 888
793 1168
1042 871
946 967
1204 788
1161 820
1231 809
1156 876
929 1122
1060 965
950 1107
1215 913
881 1355
1227 925
952 1203
977 1154
1055 1093
1140 1014
1154 1009
891 1436
1312 929
1137 1083
1370 910
1100 1131
1023 1251
1087 1166
1242 1054
1146 1158
1096 1283
992 1424
1093 1391
1301 1194
1387 1127
1458 1022
1200 1360
1405 1143
1379 1204
1414 1171
1395 1223
1337 1348
1388 1296
1464 1111
1442 1256
1289 1471
1400 1431
1347 1498
1467 1468
753120338 1178269393
1
sift 113
985 508
310 424
75 79
1033 904
107 99
350 411
121 132
1455 1125
130 157
764 620
147 146
129 226
888 615
211 147
169 183
830 725
163 294
207 214
1170 793
215 212
201 265
860 1158
221 223
279 224
1166 879
230 292
261 298
1157 1001
252 318
265 316
270 333
331 312
268 382
347 301
339 369
363 355
269 558
513 320
275 672
401 408
373 429
560 332
410 440
389 487
400 545
403 566
495 502
594 449
626 434
588 478
452 646
490 608
608 561
572 618
503 714
511 728
566 724
615 716
565 821
745 638
599 847
647 808
590 986
731 773
706 829
1345 515
816 760
733 843
743 836
868 781
845 822
812 938
603 1488
851 961
1042 814
792 1142
839 1100
918 1048
984 1007
1024 999
1004 1122
797 1487
1312 882
1154 1035
814 1555
1046 1139
874 1426
931 1296
1027 1164
815 1615
1138 1150
950 1383
952 1415
1089 1238
1231 1145
1098 1268
1099 1288
1414 1067
973 1587
1227 1286
1290 1224
1309 1303
1382 1252
1305 1335
1100 1636
1140 1593
1354 1317
1467 1116
1442 1232
1252 1601
1301 1540
1330 1639
1379 1712
753120338 1499149563
1
sift 396
12 9
15 6
4 2
103 66
144 115
6 4
127 106
37 25
11 7
185 141
20 15
282 235
131 93
23 17
296 245
25 19
320 260
204 120
29 21
346 270
31 23
387 300
274 195
39 28
443 448
42 27
551 380
310 248
44 29
534 394
48 30
558 499
350 249
49 32
611 469
57 31
657 444
397 281
52 35
729 406
54 38
920 601
458 318
75 50
846 722
79 47
911 702
569 446
100 59
998 653
97 62
892 720
627 435
104 61
1062 706
86 83
866 894
888 419
94 76
916 911
110 70
1243 671
716 548
99 79
1013 867
82 108
1084 1083
764 518
109 81
1245 935
114 78
1248 1092
754 593
108 87
1276 1120
106 89
1364 1029
749 678
107 90
1362 1052
128 80
1410 1064
830 654
124 85
1424 1101
117 95
751 762
130 84
123 94
1157 674
125 96
121 101
1033 883
126 98
129 99
1170 801
115 111
134 105
1304 1010
118 128
139 110
1471 821
147 121
142 126
1455 959
161 117
148 125
179 133
202 122
169 143
214 131
177 150
176 153
180 152
238 119
224 130
213 145
208 149
203 156
219 142
201 158
207 159
211 165
215 160
221 168
233 167
235 170
325 147
239 172
252 171
242 181
260 175
249 183
281 174
256 186
248 198
283 179
265 190
268 191
270 192
230 224
261 199
279 204
286 206
275 223
288 217
305 205
306 209
302 218
364 184
291 225
301 228
262 253
326 216
311 229
300 242
318 232
379 201
315 243
332 238
341 234
356 227
363 250
362 251
342 274
366 258
382 255
455 231
358 276
361 284
389 265
369 275
401 261
365 282
463 244
393 296
403 294
496 252
492 254
391 322
436 301
519 257
452 285
466 278
444 304
460 287
448 303
435 326
479 293
442 325
433 334
424 354
357 436
515 299
540 286
509 319
503 324
462 348
482 341
404 421
588 307
513 336
461 367
523 333
512 340
565 331
495 362
469 376
543 347
500 397
529 379
514 391
502 416
584 374
603 366
477 477
573 390
566 405
572 401
557 415
571 414
542 442
601 407
607 404
587 427
660 375
591 430
717 360
606 452
613 445
744 370
640 441
636 449
637 447
590 489
825 363
527 561
664 454
653 471
594 526
612 516
631 505
676 476
615 525
661 492
699 470
709 474
775 433
658 528
712 484
706 495
733 487
694 511
879 425
560 774
795 490
763 513
956 438
595 737
741 541
938 456
838 503
734 569
944 475
714 596
771 554
821 529
767 565
1329 386
738 607
904 510
986 478
815 562
727 636
752 602
873 543
853 560
812 579
868 556
1041 481
829 574
731 683
816 609
743 677
817 612
769 650
806 629
745 687
823 619
967 539
845 623
778 666
974 546
906 585
929 572
836 649
886 625
748 754
891 630
1077 533
1044 547
862 660
843 700
851 685
858 690
828 723
924 655
939 641
802 771
876 717
1156 559
895 716
903 747
1142 587
940 711
988 668
935 734
1148 605
1428 517
1036 667
921 766
755 984
1055 669
1219 598
1005 736
1096 696
1001 751
1091 707
950 808
1090 714
917 860
996 778
970 822
1137 746
1326 644
1227 697
941 900
1404 622
1153 753
937 954
977 877
1204 750
1100 806
1399 661
957 955
1146 802
1068 852
1294 728
1134 815
1022 901
1029 895
1359 710
1066 886
1138 830
901 1138
1042 920
1087 889
1161 836
1215 809
1089 903
1000 1021
1176 850
1187 844
1140 907
1050 1000
1231 837
1150 917
1118 966
1343 799
1257 848
1402 786
1212 941
1341 826
1264 896
1186 978
1332 872
1238 950
1154 1103
1214 1040
1317 961
1313 1016
1193 1147
1217 1126
1334 1007
1274 1072
1208 1143
1327 1027
1312 1039
1387 990
1330 1059
1389 1048
1464 866
1310 1142
1458 1055
1469 1043
1470 1122
753120338 1765857571
1
sift 69
350 413
107 112
225 94
147 131
765 513
176 139
468 448
179 156
888 640
215 228
809 928
226 209
860 1338
261 288
817 969
265 303
1455 1670
252 342
1017 1063
363 319
347 341
1096 1251
362 324
436 291
1375 1371
513 271
594 365
495 441
481 466
502 456
403 737
477 576
618 406
543 490
585 469
623 458
588 528
560 650
613 600
612 652
572 954
616 830
652 802
663 786
599 1008
688 765
689 776
740 762
706 968
733 1032
870 829
836 906
845 1035
815 1141
1042 921
885 1172
812 1364
838 1386
939 1218
1395 923
995 1286
1000 1427
1027 1424
1252 1375
1231 1415
1257 1569
1358 1530
1448 1483
1414 1630
753120338 1835742160
1
sift 113
103 66
37 21
39 28
92 84
76 44
127 129
131 71
94 54
206 138
109 61
185 151
144 89
106 73
296 206
114 67
282 236
310 176
129 74
320 225
118 81
387 350
350 196
147 108
397 224
198 91
551 328
458 239
272 141
534 371
275 143
559 387
888 321
211 191
656 370
221 169
611 437
860 463
207 197
711 386
376 137
911 496
668 698
305 182
1013 671
249 202
1243 586
764 590
260 250
866 826
363 332
998 1067
754 617
497 284
1318 864
515 297
1410 812
1311 973
495 360
1362 939
658 301
482 438
513 406
748 351
594 481
661 436
886 353
797 381
490 651
767 408
814 425
706 478
1027 393
812 477
653 607
1137 396
806 528
786 543
870 511
828 550
731 648
971 514
802 614
1215 459
1022 516
1134 485
1208 470
935 561
845 682
1039 579
1343 505
862 726
1227 548
816 783
1231 627
1238 641
1000 778
1089 733
851 992
1252 707
1400 688
1313 742
1288 784
1029 981
1336 782
1042 1011
1333 805
1320 816
1334 845
1154 1046
1301 990
1257 1056
1330 1026
1465 1151
753120338 1895226176
1
sift 63
103 93
131 80
75 50
92 101
109 70
127 129
310 213
106 71
185 175
129 74
296 233
350 236
114 107
320 264
195 159
346 318
860 556
233 153
387 445
272 152
551 356
1166 864
221 185
534 426
251 168
657 412
275 184
559 464
265 203
611 491
230 232
1463 359
261 221
684 647
376 201
911 607
497 271
1013 747
436 340
1410 852
403 367
1318 1000
821 304
661 473
797 428
688 467
814 476
706 517
812 481
653 601
815 511
828 590
1027 539
912 596
1343 482
631 942
845 672
1003 614
971 642
1229 565
870 878
1301 980
1445 909
