762030273 854684009
1
sift 52
56 53
95 51
102 89
128 114
140 111
160 140
165 134
215 163
380 173
287 200
401 180
315 279
574 198
346 283
482 306
541 305
501 375
687 302
554 378
503 451
527 454
658 396
643 455
543 525
741 480
605 608
810 477
630 710
870 510
1396 367
714 677
743 656
914 562
1039 514
1137 507
992 621
1078 636
1157 641
986 790
768 1061
1342 593
1542 559
1520 566
1124 763
1106 787
855 1139
867 1174
1355 827
1401 917
1199 1098
1515 1155
1825 993
762030273 1078683094
1
sift 96
379 325
7 5
56 41
409 565
54 48
95 56
462 538
103 69
98 70
661 374
102 79
141 82
907 807
126 87
128 107
932 862
130 132
190 108
974 826
268 126
202 162
1045 812
215 166
239 190
1238 725
360 168
380 189
1210 744
287 207
317 204
1201 798
321 216
209 339
1295 1000
276 247
285 278
1260 1363
286 277
315 285
1534 1272
346 265
416 281
418 308
450 377
808 262
501 408
637 334
555 427
643 413
554 506
687 411
763 406
605 519
810 417
730 530
700 564
754 618
785 606
630 765
868 646
1168 525
1039 600
991 627
992 628
745 847
825 795
768 872
1137 619
955 727
1515 531
1100 697
692 1218
995 824
1106 763
1197 726
743 1244
1113 829
1227 768
1105 900
1167 875
1610 663
1075 1009
1131 971
1401 809
1009 1224
1180 1091
1393 965
1272 1171
1419 1256
1403 1354
1563 1292
1713 1237
1557 1448
1702 1401
1815 1293
1797 1385
762030273 1178269393
1
sift 456
108 122
0 0
5 2
147 172
188 186
7 6
205 290
325 398
10 11
236 310
412 399
14 17
316 328
379 406
17 18
348 389
391 453
27 25
349 390
462 430
29 28
406 367
393 510
36 30
398 422
521 526
37 34
457 418
661 519
42 32
469 456
466 612
34 49
493 498
675 971
45 37
575 586
727 564
48 47
664 703
748 937
56 50
644 734
907 830
54 56
693 778
932 904
65 59
707 816
971 914
63 61
898 883
974 918
80 60
864 964
923 1042
71 71
845 1105
1022 1061
77 62
1065 1298
1045 1018
106 67
1091 1270
1136 1125
84 83
1217 1187
1238 898
83 87
1245 1172
1259 1182
95 79
1276 1326
1082 1053
94 88
1399 1475
1295 1179
78 106
1517 1361
1257 1261
87 94
1444 1536
1260 1358
102 99
1498 1547
1370 1419
98 103
1613 1598
1534 1413
104 104
1407 1524
105 102
1602 1455
101 108
100 117
1813 1608
141 124
126 133
122 135
155 120
140 137
128 146
130 147
148 134
145 142
139 150
152 180
187 148
160 183
194 161
182 171
178 174
225 157
174 189
177 198
190 193
199 195
202 205
227 192
212 201
218 197
246 187
215 223
223 228
250 211
239 224
203 291
213 272
248 243
268 226
242 257
234 292
256 260
253 268
271 252
368 214
309 238
257 312
425 222
336 258
355 251
287 298
343 283
327 294
286 320
303 314
276 343
317 316
292 327
321 321
396 285
322 330
400 289
272 377
395 305
380 318
282 393
291 381
377 338
346 355
392 337
307 387
401 334
323 380
407 339
358 378
421 341
471 319
374 388
353 403
385 405
382 414
423 394
458 366
467 369
639 311
416 415
418 416
411 420
414 428
436 423
427 449
450 435
604 370
419 496
480 443
508 434
516 438
517 452
526 445
433 551
532 447
541 439
443 538
533 459
655 408
501 502
528 484
542 480
942 352
451 593
522 522
429 687
531 529
676 450
569 511
557 545
808 424
626 536
554 592
631 539
586 576
646 543
601 577
687 537
632 568
637 566
838 463
608 623
677 567
618 624
627 613
682 579
595 667
641 617
650 610
842 507
740 574
616 704
700 608
823 530
574 745
705 616
696 644
714 620
891 518
698 671
667 699
826 581
859 580
795 626
819 609
730 692
810 618
651 783
794 652
711 720
729 715
796 683
605 873
900 615
743 741
645 852
751 747
710 792
754 754
817 705
818 707
803 718
745 773
1053 585
791 738
970 632
892 702
780 777
804 768
790 782
813 759
797 775
875 716
1226 558
774 791
983 665
856 744
1054 646
1216 570
768 813
825 793
1095 663
950 721
824 804
1119 672
1292 590
944 746
830 827
1039 717
884 815
802 912
753 1002
879 847
1203 682
767 987
852 879
1134 729
834 933
692 1183
1156 731
992 822
1059 800
955 861
976 843
941 877
847 1000
731 1177
1019 831
991 860
1125 798
1008 862
1273 739
1774 597
1228 761
961 922
987 899
1044 870
1038 874
1035 880
1112 836
1021 894
965 953
1137 829
995 930
1017 944
1033 939
734 1357
1113 878
975 1005
1078 938
1116 896
1130 888
1069 961
943 1065
1132 908
1040 1010
1009 1050
1037 1025
1185 885
1115 970
947 1116
1101 1004
1138 974
1074 1036
1167 952
1391 828
1144 996
985 1155
1237 921
1258 910
1182 991
1141 1048
1171 1016
1446 844
1162 1037
1739 770
1179 1043
1227 999
1090 1146
1324 950
1385 924
1640 821
1514 866
1177 1083
1639 849
1131 1170
1247 1071
1272 1067
1282 1074
1516 958
1242 1141
1610 927
1718 913
1540 1007
1261 1178
1126 1339
1344 1129
1544 1027
1342 1147
1379 1122
1317 1164
1698 967
1355 1150
1197 1289
1298 1192
1193 1313
1105 1467
1401 1145
1685 995
1484 1109
1479 1114
1649 1044
1363 1204
1178 1415
1308 1269
1510 1169
1403 1236
1180 1505
1419 1232
1395 1276
1369 1297
1476 1215
1756 1084
1519 1224
1557 1216
1366 1376
1808 1082
1477 1295
1542 1255
1207 1614
1561 1250
1578 1247
1493 1324
1541 1306
1508 1331
1410 1438
1449 1430
1487 1396
1364 1523
1673 1268
1486 1444
1674 1303
1775 1238
1605 1362
1675 1325
1684 1323
1357 1654
1814 1223
1633 1389
1635 1399
1520 1513
1764 1301
1524 1528
1744 1329
1687 1369
1622 1443
1663 1397
1706 1366
1585 1487
1682 1411
1537 1552
1643 1457
1580 1527
1599 1516
1417 1671
1625 1530
1690 1549
1667 1585
1629 1622
1623 1641
1644 1667
1765 1605
1772 1606
1797 1628
1785 1647
1703 1696
1713 1703
1831 1688
1727 1719
762030273 1499149563
1
sift 61
1136 959
56 44
95 50
102 90
140 105
128 121
175 176
215 168
209 183
249 185
239 204
380 171
287 199
401 193
321 225
285 282
346 250
315 301
286 336
404 323
637 294
501 362
541 351
687 327
450 461
532 378
643 445
810 401
900 419
714 518
1640 331
1039 428
737 562
629 688
1035 466
785 569
976 487
1041 503
745 683
1137 495
1019 565
955 584
1078 579
992 623
825 801
768 921
1106 649
1069 685
1112 677
1299 629
1333 641
1549 721
1075 1103
1401 837
1713 811
1192 1171
1493 1020
1775 903
1703 989
1797 943
1825 1000
762030273 1765857571
1
sift 360
16 11
339 238
14 9
59 50
333 310
23 24
108 86
330 263
36 31
147 135
379 393
37 42
205 174
325 315
43 41
193 192
566 338
46 44
236 197
393 277
45 46
348 255
974 969
42 60
338 259
412 383
48 52
365 317
1045 1002
54 55
398 305
462 468
56 63
349 385
1260 1060
61 64
457 345
521 474
69 69
469 370
1350 1065
81 67
556 353
726 427
84 78
575 425
1370 1216
82 93
477 595
661 752
94 88
644 436
1295 1295
87 96
664 549
1022 852
103 99
693 526
1534 1399
101 103
707 714
980 1019
98 105
845 899
1671 1608
95 111
864 964
959 1074
102 112
898 947
112 107
1217 1033
1259 828
122 110
1091 1184
119 121
1276 1257
1257 910
128 131
1517 1138
115 155
1245 1469
932 1346
130 132
1367 1332
126 153
1399 1314
907 1478
140 145
1545 1351
135 158
1613 1578
1576 930
156 165
1748 1534
165 156
1238 1157
176 171
247 139
177 172
178 178
174 184
175 191
180 190
199 193
235 177
212 189
198 208
221 205
215 212
229 210
204 245
244 211
234 224
239 219
296 188
242 232
265 215
217 267
246 253
196 328
270 240
272 251
288 247
225 363
289 262
286 271
307 266
287 288
336 274
268 350
315 291
294 306
322 296
269 359
303 308
317 303
276 366
321 327
282 373
332 322
346 319
357 320
380 342
424 307
309 400
389 352
663 244
426 324
395 372
418 349
407 368
387 381
427 365
368 419
439 377
416 398
422 414
1322 221
463 394
468 423
471 424
552 390
510 413
501 441
441 557
377 813
546 449
498 508
543 462
550 455
590 430
532 506
526 522
627 437
542 528
608 476
595 510
605 504
616 507
593 529
425 960
678 470
674 475
587 574
721 465
603 586
554 641
569 625
617 601
541 711
684 540
643 600
689 553
679 562
728 520
697 568
650 636
557 804
632 675
730 602
629 709
637 737
757 610
731 649
724 667
860 558
687 765
720 735
700 756
743 695
672 807
754 697
808 656
1048 515
574 1083
811 674
762 748
741 786
900 640
917 631
773 750
914 651
771 792
986 644
790 829
606 1207
764 885
774 868
796 844
775 877
786 858
846 780
768 920
870 776
1034 676
868 814
1071 662
763 1001
1664 472
810 954
787 998
910 836
851 936
1085 712
785 1048
737 1141
803 1057
819 1027
991 843
879 1008
800 1125
905 1003
901 1014
875 1047
912 1004
1148 762
954 950
941 980
1009 922
1131 840
1120 849
1157 824
1033 967
1086 911
1106 906
1069 949
976 1032
863 1175
1046 987
1284 769
992 1035
1008 1041
1024 1030
927 1152
892 1214
1137 968
1013 1078
996 1105
1138 995
838 1390
1028 1107
1239 918
1154 1010
1237 942
988 1179
843 1476
818 1531
1256 961
1093 1093
1346 882
1340 890
1100 1101
1112 1095
951 1284
857 1525
964 1275
965 1335
906 1491
1211 1059
1267 1042
1159 1133
1126 1171
1105 1225
1180 1144
1108 1236
1031 1397
1115 1270
1078 1364
1642 935
1308 1131
1571 1012
1262 1230
1054 1605
1598 1043
1333 1218
1124 1530
1390 1196
1189 1475
1247 1392
1364 1253
1167 1541
1199 1539
1451 1269
1317 1424
1171 1646
1452 1282
1320 1454
1396 1385
1401 1415
1557 1268
1410 1427
1324 1537
1272 1630
1388 1481
1536 1324
1717 1203
1449 1425
1369 1529
1465 1450
1484 1448
1355 1584
1344 1631
1587 1380
1368 1641
1425 1627
1507 1577
1476 1640
1419 1699
1736 1441
1749 1430
1805 1370
1552 1657
1675 1557
1589 1671
1707 1660
1659 1682
1814 1535
1575 1724
1822 1635
