854684009 860836826
1
sift 56
113 169
34 31
252 220
77 84
244 208
76 86
1043 627
79 96
446 435
99 89
90 112
1211 294
624 77
188 155
380 566
157 203
173 242
431 544
186 289
204 283
638 552
198 322
249 313
906 480
285 610
302 673
590 839
554 502
494 576
1017 910
771 442
528 542
589 543
605 541
526 616
516 658
508 698
470 810
563 679
501 819
661 726
813 640
557 902
618 811
773 709
636 861
753 753
973 703
746 893
931 790
897 825
841 927
1218 761
1120 899
1041 1035
1225 1069
854684009 1078683094
1
sift 179
81 92
251 235
21 17
243 211
28 25
244 289
930 1092
40 40
288 257
53 41
291 302
54 46
349 310
50 57
398 400
86 75
446 404
85 78
481 415
95 77
431 466
89 79
467 483
75 94
575 397
77 113
564 608
111 83
600 681
90 126
602 837
98 114
715 1266
97 135
920 955
114 107
1193 1036
146 118
164 122
136 164
140 165
157 181
163 166
176 156
160 186
174 176
173 189
153 217
245 140
250 142
186 204
224 190
253 163
200 207
206 252
219 262
226 259
198 295
227 293
271 245
212 365
283 265
278 281
279 285
496 221
285 327
304 324
379 277
242 561
263 509
491 266
302 411
269 547
328 370
399 338
412 360
340 446
375 408
296 595
358 465
382 470
455 413
378 506
477 417
438 501
450 502
400 559
371 601
471 513
444 572
510 528
449 679
687 441
514 600
429 750
608 519
507 619
472 732
482 726
601 574
581 606
696 555
621 628
528 738
662 643
523 805
666 655
712 645
764 629
589 779
748 646
915 564
542 876
776 650
653 758
652 762
637 789
664 781
538 968
591 884
710 765
780 736
443 1495
654 927
777 788
793 771
825 768
732 881
521 1291
725 913
649 1051
755 923
851 811
657 1095
876 820
789 925
722 987
917 809
821 900
965 840
599 1427
812 1014
813 1010
880 993
1060 871
683 1405
1083 869
685 1452
932 1020
1158 862
882 1107
843 1166
1084 929
1166 895
774 1391
1027 1009
987 1074
912 1153
810 1433
1074 1131
977 1250
1091 1112
1089 1127
1000 1263
1106 1158
1151 1121
960 1379
886 1476
936 1420
1007 1348
1016 1341
1144 1183
1051 1339
1109 1288
1070 1385
1195 1223
1088 1422
1133 1431
1237 1218
854684009 1178269393
1
sift 80
320 866
53 50
916 1608
50 80
89 99
93 132
85 157
111 137
114 146
168 147
140 183
154 214
136 265
163 223
147 293
173 318
253 216
186 316
179 333
200 298
238 321
226 411
219 424
283 355
379 320
227 672
305 439
304 478
302 537
385 447
322 544
375 502
373 507
412 511
378 592
333 746
365 728
477 618
514 717
538 725
677 620
507 829
472 1003
656 741
915 608
642 798
621 822
618 831
392 1488
764 760
608 873
636 938
557 1100
593 1147
559 1255
722 1001
599 1296
825 999
1060 814
777 1106
589 1487
685 1368
1084 882
827 1150
654 1555
789 1286
785 1301
1027 1035
917 1145
719 1578
849 1323
1196 1050
882 1383
1076 1238
863 1620
1066 1406
1070 1628
1074 1636
1187 1557
1144 1658
854684009 1249130758
1
sift 58
113 175
34 33
1053 983
77 82
244 215
76 83
99 91
286 329
90 117
136 168
332 538
127 183
188 152
446 437
157 204
173 240
430 485
163 290
186 287
380 550
249 271
472 190
467 487
198 375
361 391
483 716
392 499
508 505
456 789
589 525
528 606
602 622
707 503
494 764
855 548
516 712
541 728
638 701
661 655
470 917
590 840
526 810
507 839
950 873
557 793
758 684
1211 900
746 765
636 830
773 748
813 752
973 713
654 975
897 788
841 862
947 811
1041 974
1120 942
854684009 1499149563
1
sift 357
113 106
102 115
7 4
107 134
265 309
8 7
119 141
201 215
16 10
196 140
320 450
21 17
209 245
251 281
31 19
244 260
370 403
28 25
243 270
268 318
35 30
286 310
568 1068
34 31
332 314
749 904
39 41
380 300
857 1079
40 40
298 381
1078 1192
41 42
427 349
46 38
349 406
60 32
336 453
42 61
330 465
53 44
1192 235
54 47
398 394
50 51
431 444
55 64
481 462
58 59
467 469
67 70
446 500
73 76
587 653
87 74
610 672
77 81
602 702
86 78
600 706
85 84
694 867
75 89
682 908
82 94
715 891
89 90
638 1052
98 82
855 975
94 92
1068 894
90 99
920 1064
97 95
1205 935
95 96
92 100
88 117
105 98
78 145
111 105
112 111
110 118
118 108
114 121
115 127
121 126
108 142
142 123
126 137
134 133
136 158
146 156
153 157
154 159
157 167
164 162
168 165
163 168
173 171
176 172
174 174
167 179
182 178
179 192
186 190
200 199
214 195
198 205
192 228
205 218
230 198
224 204
227 223
245 216
238 225
233 229
219 248
191 285
226 249
212 275
183 360
248 251
247 256
284 232
249 258
242 284
283 250
250 286
263 290
276 279
272 295
269 312
279 301
273 308
278 304
285 299
369 254
325 280
304 307
303 313
716 203
302 327
305 351
337 330
362 315
296 392
340 347
307 385
317 375
379 336
322 393
319 397
399 340
412 341
375 362
373 367
297 497
371 371
327 429
392 366
338 433
385 378
351 438
358 435
450 404
471 384
428 431
425 447
438 434
477 401
435 449
459 437
409 477
455 445
472 440
491 414
407 505
463 467
444 489
479 473
514 428
445 511
549 412
405 554
437 529
400 564
486 496
496 481
404 580
461 539
517 476
528 475
487 528
507 495
470 547
441 617
545 498
559 492
484 574
500 558
508 546
488 604
578 517
627 503
542 559
641 515
443 770
495 667
523 603
581 569
622 550
651 531
677 518
574 597
618 565
503 713
687 526
768 494
592 586
538 654
565 633
712 524
561 639
605 585
579 636
607 595
636 579
591 625
645 587
552 690
621 623
516 754
595 648
670 593
554 717
594 663
533 755
798 548
540 767
652 645
793 556
662 655
655 675
764 609
617 736
759 615
696 666
550 835
782 619
710 689
722 674
787 649
776 661
763 680
728 727
789 697
755 733
700 781
773 723
633 882
731 772
777 750
752 780
661 886
725 809
806 746
650 940
779 769
693 876
997 634
653 956
796 786
753 841
657 981
658 980
867 729
790 818
686 978
848 784
701 991
827 830
1066 673
813 862
781 929
987 734
685 1089
882 808
1037 714
1069 710
812 907
780 979
891 817
876 836
886 819
774 1023
830 944
746 1122
939 826
875 896
991 815
872 932
1138 731
1088 760
964 849
852 974
965 851
810 1065
1113 765
898 939
912 918
1074 806
800 1143
1106 802
915 955
897 976
973 915
1001 887
847 1074
994 910
902 1017
932 1012
984 972
998 963
905 1058
1091 865
1003 962
940 1036
1021 954
1076 903
993 1000
1060 920
1160 840
1051 945
1155 854
924 1085
1188 823
1070 943
1093 919
935 1093
931 1110
1158 883
1115 936
821 1194
1089 990
1105 983
889 1190
1027 1103
1084 1039
1218 901
1176 1007
1109 1139
1144 1117
1212 1081
1171 1135
1118 1180
854684009 1581090896
1
sift 68
81 72
34 30
252 245
77 87
113 172
99 95
380 682
90 106
119 196
127 179
590 882
188 142
244 221
157 190
1043 759
142 255
286 314
173 223
859 1032
163 254
446 419
186 264
1056 1044
472 180
332 576
198 309
200 331
430 567
178 416
334 242
467 553
318 297
234 522
602 550
463 313
294 433
906 539
285 624
392 486
638 745
455 470
693 420
1038 802
508 529
528 536
523 541
554 532
514 560
494 615
591 552
589 583
526 715
592 660
649 680
636 688
661 687
758 676
813 675
773 714
897 686
973 695
746 848
1000 712
1218 697
841 900
1071 767
1229 1012
1194 1072
854684009 1763636214
1
sift 77
56 57
73 67
107 108
77 76
113 141
90 87
119 181
82 92
209 231
98 89
217 229
157 168
244 267
188 143
252 276
173 190
243 337
160 211
286 314
163 206
261 346
186 222
298 465
227 212
398 515
198 259
446 538
200 283
348 697
247 244
467 570
226 307
380 819
318 305
602 592
307 313
694 590
306 417
715 594
285 498
638 721
463 396
483 955
382 454
456 1170
435 424
590 861
707 410
906 675
516 505
1043 755
492 558
920 828
653 486
682 1142
591 526
1193 1016
589 550
592 575
554 607
507 698
636 604
654 630
753 661
773 669
758 690
897 627
841 656
813 667
712 747
850 688
973 634
882 801
1218 740
987 944
1229 786
1041 1012
854684009 1765857571
1
sift 54
89 112
134 128
150 397
225 229
258 209
186 303
200 288
248 324
279 291
283 319
343 406
340 490
375 441
362 458
404 450
302 765
385 506
396 592
408 575
322 805
457 521
378 641
407 605
428 619
524 463
455 600
608 504
572 578
480 786
562 651
486 830
477 954
507 968
453 1178
582 841
790 644
622 836
641 824
666 856
621 1035
695 986
544 1375
628 1172
636 1364
627 1386
1161 749
1060 921
946 1161
763 1530
872 1294
917 1415
960 1419
1012 1651
1228 1602
854684009 1835742160
1
sift 180
56 66
102 89
28 21
252 221
113 129
37 31
119 151
251 224
39 33
341 279
137 138
50 44
209 206
268 239
64 53
1043 766
217 235
73 54
244 225
916 681
77 61
1211 1091
305 198
75 73
243 263
86 67
286 264
91 68
349 269
90 74
332 330
98 80
315 386
115 82
380 350
114 108
398 371
140 127
430 370
160 142
446 387
173 156
481 399
227 143
467 437
163 169
348 553
188 163
590 435
167 171
779 392
154 197
602 496
168 191
575 545
198 182
610 587
187 193
715 542
219 176
427 984
200 194
600 666
226 196
694 671
247 205
906 560
277 212
855 661
234 254
587 1067
275 226
920 812
327 238
921 895
285 297
1068 826
302 272
980 1002
272 326
1193 864
283 332
1017 1029
472 237
1122 1092
443 262
445 280
437 291
435 294
382 327
400 329
371 345
487 301
375 360
410 372
532 323
379 406
516 351
693 311
412 438
591 353
477 426
581 378
492 440
589 381
592 402
559 436
507 478
654 425
637 444
707 422
653 446
636 477
850 398
725 459
687 481
744 489
758 486
800 470
652 544
859 453
813 491
795 511
790 522
544 707
677 590
773 550
897 502
670 617
785 549
789 548
991 485
701 619
621 682
731 613
752 609
898 538
712 660
719 662
841 579
867 591
919 564
697 728
825 632
987 561
781 693
730 736
973 574
1218 516
917 627
847 670
931 636
1088 569
970 631
764 783
1103 615
998 703
1003 730
821 899
1133 688
1212 656
1076 733
876 874
1067 746
1041 805
1070 818
1018 862
1135 785
1116 816
1155 807
1065 923
1176 845
1202 824
1145 910
1082 972
1027 1046
1140 989
966 1139
1101 1042
1091 1151
854684009 1895226176
1
sift 112
56 93
268 346
37 32
252 278
107 121
50 51
113 129
916 889
64 46
1056 1078
119 175
73 57
209 233
79 67
244 264
77 70
261 320
75 71
286 305
90 74
332 463
98 83
431 412
86 107
398 426
132 159
380 445
157 153
446 464
188 144
467 491
140 190
590 490
173 167
602 607
163 185
715 589
179 191
638 743
186 203
694 747
167 218
906 668
227 184
698 952
220 201
920 852
219 213
950 930
200 221
1017 1031
174 257
1034 1083
226 236
1193 1000
247 222
318 271
326 269
307 288
279 340
285 353
437 304
337 388
472 323
463 339
435 389
500 391
514 404
516 407
707 392
589 428
412 554
477 523
559 473
507 517
379 669
592 494
636 481
654 476
400 684
753 456
653 526
758 513
789 507
544 657
850 515
991 495
897 525
621 672
773 590
973 534
970 562
813 627
777 666
931 622
827 708
1077 637
725 888
998 697
821 827
795 878
706 982
825 934
764 1038
1218 681
1133 734
943 864
1041 867
917 956
1003 979
1155 903
1058 1055
