860836826 1124316966
1
sift 108
65 89
69 60
35 32
101 108
55 43
83 116
75 58
56 64
623 547
66 62
94 113
95 71
73 70
85 88
126 153
82 94
107 82
132 115
265 247
170 93
185 112
159 133
349 309
153 135
141 164
151 156
628 515
179 158
169 171
214 143
855 594
243 154
560 114
217 187
778 702
223 213
266 185
241 221
922 691
301 207
238 224
298 214
244 272
326 222
286 231
381 307
288 282
336 246
422 340
354 248
281 369
460 342
317 333
312 366
444 355
429 295
435 331
461 348
483 347
408 452
521 323
522 373
544 360
462 439
548 368
532 393
600 358
436 569
572 383
520 445
566 388
564 411
683 397
547 426
565 430
627 464
555 450
688 379
657 444
636 448
757 381
630 470
694 477
646 487
768 459
817 404
702 488
594 649
749 458
781 497
589 741
656 617
771 543
874 509
751 601
706 629
747 638
839 635
734 716
863 639
989 625
939 619
918 650
1024 612
917 682
936 690
888 727
1013 733
860836826 1249130758
1
sift 478
65 65
67 60
3 2
83 73
69 71
9 4
91 87
75 76
11 10
94 85
82 79
13 9
126 129
85 81
20 21
101 107
95 104
22 24
265 265
90 99
23 26
275 273
115 125
25 28
372 360
153 153
27 31
458 342
151 163
29 32
464 479
170 171
31 33
408 417
179 174
28 41
497 477
178 181
34 34
501 539
214 211
41 36
481 647
243 205
39 40
523 628
220 227
40 39
628 558
244 239
42 42
594 671
240 252
44 44
669 614
248 255
46 49
611 676
239 279
48 51
660 706
247 266
50 53
643 779
262 269
55 57
769 699
271 293
56 55
855 709
301 304
63 52
686 863
341 346
57 59
875 784
381 384
59 58
778 847
389 397
58 63
964 804
351 454
60 62
935 854
422 421
64 66
800 946
549 393
66 69
773 1044
460 476
70 68
921 982
474 519
71 70
969 922
461 563
68 78
922 1028
520 542
73 75
546 529
84 82
567 528
86 83
532 610
80 97
550 590
81 98
738 459
88 92
599 561
97 89
600 574
99 100
638 617
103 110
646 649
113 88
641 660
102 113
630 668
105 114
589 724
107 111
590 732
118 103
665 687
117 109
683 674
106 126
727 645
112 117
750 656
152 95
655 763
120 119
623 828
114 121
747 745
110 123
706 796
131 116
603 1002
125 130
766 781
124 138
802 819
132 139
768 867
122 146
805 930
139 135
942 851
149 140
959 845
144 143
786 1019
147 145
1030 817
160 148
840 985
157 151
936 889
148 155
938 936
168 142
918 967
167 157
863 1048
162 170
1005 938
189 149
966 994
174 161
885 1067
169 175
1013 961
180 168
974 1003
183 164
1007 1037
173 178
201 167
182 182
185 198
194 185
225 162
204 190
172 233
184 222
206 199
203 204
202 208
198 220
215 201
209 210
213 206
207 213
208 215
217 217
216 225
219 216
252 203
238 218
224 232
221 236
242 240
234 251
257 228
230 254
250 250
261 243
253 256
263 261
249 270
283 246
260 268
307 234
227 317
268 275
272 281
281 280
293 272
288 282
297 276
266 309
289 287
292 291
287 294
299 284
313 271
291 297
315 289
310 305
309 310
273 352
316 319
336 316
276 381
306 326
340 315
331 323
332 324
355 313
326 331
308 351
295 380
333 339
314 356
338 335
346 327
345 330
348 334
322 375
344 345
370 337
352 364
354 366
382 332
379 349
377 353
362 373
342 392
400 336
388 363
368 391
393 372
386 383
410 359
419 355
413 362
395 389
443 354
418 388
394 408
385 420
432 387
403 402
404 419
436 395
537 328
429 429
451 401
435 437
434 440
425 452
449 427
430 475
383 566
508 399
442 457
457 447
452 460
463 446
505 423
486 439
473 456
478 467
499 453
471 486
485 471
468 498
470 495
466 501
526 443
482 490
488 489
483 492
456 520
658 394
445 555
498 497
484 506
476 522
496 513
439 624
564 465
480 554
544 484
493 547
588 458
516 521
510 541
559 499
543 525
518 556
541 543
517 580
495 630
530 578
500 622
587 526
566 550
531 586
524 599
533 592
536 597
528 607
606 532
605 537
542 606
659 510
565 585
491 714
554 620
656 524
580 581
650 538
512 690
698 505
548 634
555 633
591 583
547 673
617 605
634 603
552 701
644 598
679 571
581 666
626 644
583 685
613 669
593 695
648 693
664 688
729 618
707 665
755 613
765 608
631 747
739 632
726 655
640 752
612 777
724 675
677 715
618 780
636 768
691 707
696 704
699 708
672 736
654 766
703 713
671 746
680 740
685 738
688 737
616 810
694 739
667 786
709 748
759 692
693 774
807 679
761 711
806 717
838 710
831 725
832 742
746 797
915 723
776 800
735 832
884 755
775 812
825 788
893 765
795 815
742 868
903 767
867 783
853 798
741 907
791 842
722 959
753 895
902 793
678 1056
782 881
833 836
835 838
764 906
1050 734
839 840
861 830
991 775
817 883
888 831
1027 771
1020 773
815 900
906 833
810 917
940 824
877 861
784 949
905 846
911 876
927 862
854 925
828 960
870 916
881 909
916 885
824 984
949 875
809 1032
948 901
899 942
920 935
988 880
930 928
977 890
919 944
889 986
968 912
842 1051
836 1063
1071 839
961 966
812 1076
864 1060
980 948
1032 905
1026 940
1021 943
996 992
1035 974
1029 989
1075 947
972 1075
1060 1039
1009 1073
1053 1059
860836826 1581090896
1
sift 400
7 2
67 65
11 7
47 55
75 84
22 22
65 68
69 80
25 29
91 75
82 83
27 27
83 86
85 92
31 30
94 99
95 103
29 33
126 133
101 117
34 36
151 160
115 125
41 31
265 258
153 155
39 39
205 194
161 158
42 48
318 321
179 166
44 54
372 350
193 201
46 56
349 391
248 206
48 58
408 370
220 245
63 51
458 323
244 238
70 52
465 458
240 256
59 60
497 499
247 266
55 67
501 527
271 286
58 71
481 571
301 302
64 66
532 590
336 282
66 76
507 666
258 517
72 82
628 594
344 348
74 81
611 622
381 374
84 87
643 671
351 467
81 97
669 641
389 493
98 78
769 674
420 410
88 96
687 813
600 381
113 73
683 839
540 409
77 109
778 784
460 484
103 110
773 864
589 417
118 94
855 894
599 461
117 102
800 840
546 516
112 106
964 986
520 549
107 119
786 936
590 546
114 111
922 1026
738 482
105 132
969 990
665 582
134 101
646 629
110 126
1074 1057
566 682
149 116
639 644
125 129
630 651
127 130
627 759
139 121
747 699
124 135
706 772
132 139
766 720
168 123
641 920
148 136
840 742
144 144
768 877
158 142
805 857
160 147
878 809
162 153
839 882
164 156
936 888
167 162
981 854
175 163
863 971
163 176
918 932
169 172
966 908
182 181
938 956
173 192
974 929
206 171
1013 913
194 185
885 1047
204 180
1003 963
185 203
994 1007
203 190
850 1086
188 205
215 196
198 230
208 221
217 210
219 207
216 212
209 236
224 209
221 218
253 208
242 223
261 228
263 225
228 261
256 244
234 267
257 248
230 291
283 247
268 262
260 278
297 257
289 264
288 271
291 272
281 284
287 288
293 293
369 240
315 289
309 296
310 297
340 281
280 336
355 283
331 304
316 310
322 309
306 337
326 326
333 324
379 301
392 292
338 327
345 341
362 318
377 316
270 474
380 339
400 315
370 366
395 346
419 319
382 359
354 385
413 328
412 331
388 358
295 492
342 405
363 386
314 463
418 379
425 396
437 394
404 434
537 354
435 419
407 453
430 432
490 383
434 443
442 421
429 473
457 429
505 395
446 475
606 378
466 446
485 437
499 424
455 487
471 462
473 465
478 466
472 480
588 404
483 495
493 494
491 496
476 519
488 508
496 515
480 539
482 547
487 542
564 478
530 503
502 532
559 486
500 550
571 489
510 548
531 541
605 479
533 544
542 536
591 497
504 585
587 514
484 617
544 566
581 533
555 562
543 583
547 599
522 628
634 538
536 633
596 573
682 522
698 529
724 509
554 652
584 608
576 615
650 576
565 648
667 564
558 681
690 565
613 639
679 584
644 614
707 579
552 745
612 670
677 609
664 630
640 675
656 653
777 554
691 624
616 715
648 700
739 603
765 586
702 654
663 698
699 659
685 696
703 695
726 687
709 714
812 620
711 725
807 645
713 731
688 750
776 677
636 804
658 793
719 736
761 697
654 824
825 686
753 730
831 692
970 611
872 673
790 716
861 688
949 635
876 690
796 727
853 706
879 701
915 689
692 850
810 741
749 792
757 785
751 794
991 664
906 718
787 781
1004 683
752 828
745 845
824 787
851 779
888 763
867 774
832 799
826 802
693 1004
1027 710
881 783
940 757
877 795
897 786
782 866
775 875
836 818
760 905
965 756
835 829
1064 713
833 855
791 897
764 958
873 859
841 904
893 848
977 797
854 884
860 917
945 843
870 916
920 868
927 900
864 960
913 919
1029 817
898 959
1015 861
1026 844
980 928
996 935
914 1012
1071 898
1054 949
992 1016
961 1064
1045 978
1009 1055
1021 1041
1055 1025
1060 1035
860836826 1763636214
1
sift 220
47 48
67 44
11 14
65 60
46 56
31 27
83 75
69 74
59 47
75 79
85 78
44 70
265 253
95 101
84 76
151 146
105 147
88 89
349 371
153 153
112 87
179 149
159 132
102 115
458 296
248 180
107 107
205 242
169 141
127 97
427 435
243 246
147 106
255 336
215 181
125 144
465 446
220 276
175 129
301 298
217 227
156 142
497 458
247 277
206 140
381 330
208 267
182 179
481 502
341 407
203 168
408 394
336 289
204 173
628 569
401 420
173 274
389 501
331 358
224 198
611 599
600 334
242 190
460 551
345 337
199 294
507 731
520 494
184 355
532 623
344 346
289 222
643 591
590 573
340 213
665 562
435 538
281 248
660 595
623 587
291 241
639 612
429 594
302 244
670 615
646 620
260 306
641 668
472 523
322 259
652 672
725 628
325 266
589 785
483 515
288 297
773 729
627 755
310 305
747 644
500 592
412 283
778 728
706 923
333 343
875 665
480 675
413 285
686 1083
683 980
338 348
750 913
555 603
352 340
855 1018
768 972
362 329
936 882
551 616
388 317
964 915
849 969
384 328
1013 842
552 721
370 350
969 946
974 921
395 352
921 999
566 819
382 389
922 1056
918 1044
342 439
938 1050
688 797
363 444
1044 1042
840 1162
478 333
994 1077
839 861
436 408
1005 1131
463 390
896 876
485 368
491 381
834 963
513 386
457 445
951 888
442 508
473 486
797 1104
528 442
493 516
868 1075
404 685
504 519
530 505
543 550
510 585
502 607
482 666
547 621
537 642
536 648
496 724
484 756
557 652
604 608
713 554
807 511
711 597
673 633
640 667
664 654
606 711
648 674
703 634
677 706
709 669
731 656
753 661
861 604
825 627
776 662
685 790
824 663
761 740
853 696
877 687
920 688
1072 625
680 928
1064 649
919 748
906 757
867 800
1052 702
1015 727
914 786
1020 737
1071 698
760 958
971 792
913 826
770 1031
888 906
945 907
961 911
801 1124
847 1100
1027 922
911 1065
876 1161
1035 1012
1075 1169
860836826 1835742160
1
sift 76
179 117
84 61
153 135
159 66
86 72
220 221
96 70
301 245
105 147
88 80
381 251
103 96
401 288
110 138
254 83
389 366
125 133
460 410
169 129
204 141
646 500
242 156
600 546
217 185
290 169
747 503
322 182
627 766
345 263
256 216
734 901
413 171
975 741
435 387
412 194
325 219
483 371
384 217
310 284
566 350
415 229
463 244
544 369
357 385
682 254
500 496
380 413
673 272
480 560
436 422
442 405
839 435
473 446
457 600
688 788
711 428
640 491
951 603
510 625
811 408
910 1029
965 412
656 573
956 1129
524 767
709 550
861 477
825 502
1052 426
703 574
1057 445
648 699
887 615
945 637
1035 805
928 987
860836826 1895226176
1
sift 117
95 95
49 38
153 140
159 93
44 81
179 130
84 70
220 278
105 163
96 67
301 284
86 72
381 303
169 129
88 83
460 475
112 74
532 462
215 175
127 79
639 453
102 120
646 524
217 237
125 148
641 613
146 150
747 553
208 264
204 152
627 655
203 153
600 688
336 250
242 167
750 630
173 282
706 798
344 320
292 191
849 759
281 201
734 969
345 318
289 203
975 799
291 207
918 875
331 356
325 229
938 946
310 271
435 464
412 221
392 232
483 426
384 275
395 276
544 412
388 293
371 309
566 445
357 352
478 292
500 607
380 365
454 349
480 668
434 387
436 392
839 490
606 323
513 367
552 743
442 427
794 304
688 663
457 444
530 407
555 947
543 428
713 371
951 658
618 415
504 496
910 1031
510 508
819 390
673 467
548 552
711 468
484 730
710 528
703 534
861 481
824 507
915 482
1015 461
1057 443
648 632
825 525
709 590
877 547
1064 499
1052 523
790 622
1071 517
919 596
761 681
680 896
906 683
685 992
945 729
962 725
854 994
1035 867
928 1023
