988082744 1010673316
1
sift 219
4 7
5 9
7 12
9 18
13 17
10 20
12 23
11 25
15 26
20 28
17 31
23 33
24 34
25 35
28 39
26 45
30 43
44 44
38 48
35 51
45 50
41 56
33 68
47 55
48 54
53 62
65 64
50 82
49 89
55 74
58 72
51 84
72 66
62 80
56 90
60 86
89 63
66 91
73 87
69 98
76 99
86 108
104 106
106 103
92 109
103 112
87 137
97 127
98 130
118 117
114 129
119 138
127 126
122 133
147 119
95 207
132 139
129 142
138 149
166 135
157 145
162 144
150 150
141 169
169 151
142 174
151 177
164 166
154 175
156 176
158 173
171 158
177 164
192 159
190 167
165 189
170 185
260 141
173 192
181 200
174 215
167 226
186 201
191 208
175 246
198 217
210 205
203 218
194 234
189 244
207 225
262 202
228 223
274 203
209 247
188 278
244 231
223 254
202 292
229 257
231 261
241 256
280 233
227 276
247 286
276 263
266 273
275 267
284 264
300 253
277 271
293 282
289 288
304 279
279 304
311 291
322 284
348 260
285 310
318 302
312 306
288 326
341 293
331 307
299 334
310 333
329 316
338 314
332 328
303 351
342 319
349 315
416 268
317 349
471 248
362 322
370 321
385 309
330 363
369 336
372 340
418 312
376 343
343 378
380 342
346 380
382 353
326 412
363 381
401 364
390 374
421 372
411 383
434 368
388 410
442 376
415 398
373 452
397 419
425 408
420 414
430 407
350 578
536 373
437 448
449 428
462 420
406 506
429 477
484 445
396 596
424 542
414 582
452 496
410 593
540 421
587 409
468 500
489 472
519 466
492 498
465 560
481 552
510 514
526 508
460 602
554 484
521 517
544 493
493 558
461 621
483 584
595 488
533 539
542 526
560 513
515 565
558 516
527 562
548 551
626 491
562 536
532 580
539 576
575 559
583 554
596 577
501 654
609 583
660 527
598 606
590 618
618 615
622 612
612 631
670 611
675 622
634 639
643 641
988082744 1111497595
1
sift 86
9 12
26 28
25 32
45 38
38 41
58 62
55 64
62 61
73 59
89 79
86 99
104 89
103 98
122 86
109 107
132 117
144 138
164 129
150 139
169 144
176 143
191 154
189 160
207 166
235 177
229 184
227 189
322 182
312 185
275 216
247 234
304 206
270 241
362 188
336 221
284 249
279 265
330 237
310 250
299 266
349 246
371 244
307 303
369 245
346 268
340 277
381 275
327 348
373 290
343 372
427 280
388 327
376 376
415 351
425 343
405 378
474 314
536 285
414 417
493 342
424 416
467 366
544 320
483 355
484 380
541 356
595 341
488 399
473 430
515 398
532 391
539 392
646 364
528 461
519 472
575 433
492 508
581 462
569 474
622 452
670 419
637 458
663 443
651 476
640 503
649 502
988082744 1135611940
1
sift 112
9 17
15 28
26 30
38 35
45 39
35 50
58 52
62 55
73 62
76 69
98 77
89 105
104 91
147 75
132 87
122 103
127 111
157 102
129 114
141 110
150 117
138 129
169 118
154 140
164 135
158 139
170 131
177 128
191 147
202 149
186 158
235 143
244 153
189 199
223 187
270 171
259 185
229 203
275 181
289 174
227 210
284 194
338 183
247 222
362 173
304 202
293 211
371 176
312 215
279 233
311 221
310 226
330 231
369 212
340 237
336 242
342 263
299 294
382 244
372 253
387 241
380 249
349 266
343 280
390 260
421 247
381 264
297 365
346 296
430 255
418 269
375 322
425 289
388 336
411 303
427 298
415 347
437 318
394 385
536 276
474 330
366 481
531 299
484 343
517 332
519 348
587 306
532 351
533 360
442 439
488 403
414 526
540 381
544 386
539 405
542 401
515 431
468 485
594 410
562 427
560 430
554 445
663 388
548 457
595 468
598 466
582 484
596 494
566 511
675 450
615 487
590 502
988082744 1164201001
1
sift 162
3 5
4 7
10 19
9 20
12 21
15 22
21 23
26 31
22 39
25 37
27 43
38 49
36 53
46 54
45 58
51 47
90 41
60 59
47 90
55 75
70 66
53 87
92 57
62 88
58 94
76 74
73 83
108 72
149 63
103 92
96 95
125 76
136 80
89 120
114 104
72 149
79 141
195 82
106 123
98 147
104 154
141 131
159 134
133 162
157 157
127 179
122 194
129 191
188 144
144 182
154 178
170 170
174 164
171 171
212 152
150 213
158 225
164 216
138 255
181 200
210 188
189 210
227 203
169 274
186 247
255 215
229 261
302 229
268 249
220 289
247 259
228 301
238 319
340 246
311 263
297 287
276 313
284 308
310 293
299 303
327 295
261 362
251 370
329 307
301 339
514 230
342 312
343 320
399 297
368 323
257 489
295 409
348 360
289 429
322 400
418 318
382 337
390 334
345 392
380 363
374 372
294 496
362 396
414 351
409 357
326 457
330 467
370 401
346 433
435 346
440 347
313 523
369 446
375 453
404 430
373 479
421 441
424 465
496 399
481 440
452 490
465 487
519 432
501 485
384 709
467 555
475 537
583 450
428 633
430 651
506 528
515 530
463 655
484 602
521 569
493 610
502 617
526 590
548 576
527 607
536 594
505 639
487 707
558 599
510 673
525 662
511 700
575 628
542 680
593 635
642 592
541 715
615 637
533 749
601 679
531 760
622 668
595 764
644 747
661 730
665 731
675 748
988082744 1350020634
1
sift 83
12 25
15 27
26 36
51 60
45 76
46 96
60 69
76 91
70 111
108 79
53 152
103 104
73 143
106 164
89 204
72 305
98 239
141 171
157 200
159 211
119 278
154 226
127 258
212 188
122 302
170 242
158 323
133 456
186 335
255 272
227 322
302 276
417 236
340 268
248 328
229 359
299 317
242 380
279 355
310 372
284 405
233 487
418 347
275 512
409 384
414 394
526 337
342 486
295 581
382 449
390 463
378 510
346 594
330 752
404 554
394 584
501 497
400 666
424 617
375 771
473 548
405 695
560 505
490 648
515 655
467 780
481 725
531 667
492 764
621 606
585 644
558 706
615 659
511 841
575 742
640 665
494 898
590 748
601 745
548 831
622 783
533 911
642 874
988082744 1551686868
1
sift 113
5 7
12 26
21 29
36 58
90 36
38 60
46 65
45 68
60 64
92 56
149 43
47 113
76 81
53 114
108 70
70 101
96 88
73 120
103 94
124 96
89 151
106 139
98 195
141 141
157 154
133 189
159 169
127 231
154 230
212 175
169 217
170 224
158 270
150 282
181 243
278 187
189 255
302 197
186 273
255 232
435 185
227 280
417 208
248 285
229 308
190 397
340 268
220 363
233 340
242 342
279 305
228 366
217 395
310 303
440 256
284 345
381 312
326 374
295 445
418 328
399 343
289 508
382 393
409 390
390 404
378 425
430 399
380 490
405 444
442 413
369 548
330 659
385 537
400 533
424 506
362 653
397 616
528 429
519 472
425 631
475 552
452 591
560 481
583 476
515 599
527 621
473 721
575 600
502 697
655 556
493 727
585 608
570 638
506 739
607 637
504 753
548 690
644 603
510 789
525 777
511 799
615 685
561 747
516 804
558 749
658 682
539 828
622 742
642 724
590 802
566 833
666 736
593 856
988082744 1574326558
1
sift 276
4 6
5 7
7 8
9 11
10 14
13 12
12 17
11 18
14 15
15 19
20 22
16 23
17 25
23 26
24 28
25 29
26 32
28 33
30 35
42 36
35 41
32 46
38 40
36 43
44 38
33 54
45 45
47 50
48 51
46 68
53 53
49 67
50 65
55 57
51 72
58 64
61 66
57 69
71 55
56 73
60 74
62 71
65 70
72 61
66 82
68 84
73 86
69 91
70 92
76 88
86 98
87 105
94 101
93 106
104 100
106 99
99 111
97 112
103 110
89 128
109 108
98 125
118 120
114 124
95 155
119 129
129 123
152 114
107 166
122 134
127 130
132 131
147 126
136 149
138 151
142 148
150 142
157 146
140 163
141 164
149 159
121 194
162 154
154 161
166 152
164 157
151 179
169 158
158 175
155 185
182 168
171 176
173 174
176 178
170 181
190 170
160 205
192 172
167 196
161 212
181 191
175 200
186 199
191 193
210 183
198 192
260 167
250 173
195 216
188 221
194 220
203 210
196 217
189 234
174 282
228 214
209 232
262 203
223 225
238 226
270 219
229 250
294 211
255 231
241 243
219 269
259 242
227 264
280 229
278 237
305 222
244 261
276 248
275 254
247 275
302 241
284 252
257 291
279 268
289 263
277 278
304 259
266 299
300 279
310 281
318 274
322 270
312 288
331 284
341 271
332 286
299 308
338 292
303 312
254 355
348 290
384 256
317 313
272 381
330 319
329 323
362 300
249 430
349 315
344 322
342 330
297 376
343 334
369 316
385 306
370 333
382 332
412 321
363 353
347 386
376 350
368 358
463 305
390 361
411 349
422 340
443 331
432 338
401 369
373 407
388 395
394 403
425 363
350 460
421 373
381 414
405 399
416 383
346 470
400 404
374 438
427 375
406 419
352 497
435 398
452 377
456 372
420 432
437 420
396 473
366 528
428 443
466 406
442 449
434 461
471 429
574 364
484 421
492 424
438 496
462 478
467 476
439 537
527 448
497 462
488 471
475 503
461 530
483 502
587 439
526 469
481 522
524 492
633 427
464 575
515 514
491 541
539 508
498 552
533 519
501 557
615 467
504 564
590 495
582 504
532 540
451 647
487 592
540 539
542 545
576 525
519 576
560 536
544 561
575 543
687 436
594 535
604 531
583 553
569 562
595 549
552 586
682 490
632 526
555 615
630 559
601 589
561 632
558 643
570 641
663 569
634 591
680 567
600 645
646 612
675 590
665 602
649 620
670 609
662 633
642 653
988082744 1798871232
1
sift 144
3 6
9 25
12 26
15 29
26 37
25 43
27 50
36 62
38 61
45 66
46 67
51 57
90 46
60 68
47 99
55 84
53 101
62 96
149 54
58 105
76 88
70 97
107 75
73 108
103 107
89 128
106 126
98 160
141 137
159 155
157 158
133 174
119 218
129 196
127 206
122 209
144 186
188 153
154 187
170 185
212 159
158 244
164 237
181 222
186 258
189 251
219 232
227 234
191 283
255 231
268 255
229 280
302 245
248 272
233 285
220 295
190 372
417 219
228 325
279 282
315 267
297 291
514 216
217 381
276 322
284 315
299 304
311 302
310 305
327 292
275 344
329 312
257 399
301 360
440 278
370 316
381 308
289 390
343 343
260 445
342 357
295 405
368 347
326 386
418 324
322 416
382 354
348 388
390 356
294 495
385 361
340 417
378 404
346 446
375 422
399 402
369 444
430 389
374 457
424 414
394 476
373 529
421 478
490 409
507 407
495 434
473 472
475 480
481 477
506 456
467 507
519 455
428 581
452 536
548 465
614 438
515 516
484 578
489 580
526 551
655 459
493 597
585 522
531 576
536 574
505 621
511 619
615 539
533 632
561 604
527 682
640 560
575 652
540 705
539 714
558 691
593 669
552 709
590 689
651 633
582 707
658 627
569 728
661 684
