34126128 118001120 147254205 161231762 170391303 198243835 265106419 294171242 326472230 333687381 365855260 424891007 570539746 753120338 762030273 854684009 860836826 988082744 1010673316 1078683094 1111497595 1124316966 1135611940 1164201001 1178269393 1249130758 1350020634 1499149563 1551686868 1574326558 1581090896 1763636214 1765857571 1798871232 1835742160 1895226176 1979133402
118001120 147254205 161231762 170391303 198243835 265106419 294171242 326472230 333687381 365855260 424891007 570539746 753120338 762030273 854684009 860836826 988082744 1010673316 1078683094 1111497595 1124316966 1135611940 1164201001 1178269393 1249130758 1350020634 1499149563 1551686868 1574326558 1581090896 1763636214 1765857571 1798871232 1835742160 1895226176 1979133402
147254205 161231762 170391303 198243835 265106419 294171242 326472230 333687381 365855260 424891007 570539746 753120338 762030273 854684009 860836826 988082744 1010673316 1078683094 1111497595 1124316966 1135611940 1164201001 1178269393 1249130758 1350020634 1499149563 1551686868 1574326558 1581090896 1763636214 1765857571 1798871232 1835742160 1895226176 1979133402
161231762 170391303 198243835 265106419 294171242 326472230 333687381 365855260 424891007 570539746 753120338 762030273 854684009 860836826 988082744 1010673316 1078683094 1111497595 1124316966 1135611940 1164201001 1178269393 1249130758 1350020634 1499149563 1551686868 1574326558 1581090896 1763636214 1765857571 1798871232 1835742160 1895226176 1979133402
170391303 198243835 265106419 294171242 326472230 333687381 365855260 424891007 570539746 753120338 762030273 854684009 860836826 988082744 1010673316 1078683094 1111497595 1124316966 1135611940 1164201001 1178269393 1249130758 1350020634 1499149563 1551686868 1574326558 1581090896 1763636214 1765857571 1798871232 1835742160 1895226176 1979133402
198243835 265106419 294171242 326472230 333687381 365855260 424891007 570539746 753120338 762030273 854684009 860836826 988082744 1010673316 1078683094 1111497595 1124316966 1135611940 1164201001 1178269393 1249130758 1350020634 1499149563 1551686868 1574326558 1581090896 1763636214 1765857571 1798871232 1835742160 1895226176 1979133402
265106419 294171242 326472230 333687381 365855260 424891007 570539746 753120338 762030273 854684009 860836826 988082744 1010673316 1078683094 1111497595 1124316966 1135611940 1164201001 1178269393 1249130758 1350020634 1499149563 1551686868 1574326558 1581090896 1763636214 1765857571 1798871232 1835742160 1895226176 1979133402
294171242 326472230 333687381 365855260 424891007 570539746 753120338 762030273 854684009 860836826 988082744 1010673316 1078683094 1111497595 1124316966 1135611940 1164201001 1178269393 1249130758 1350020634 1499149563 1551686868 1574326558 1581090896 1763636214 1765857571 1798871232 1835742160 1895226176 1979133402
326472230 333687381 365855260 424891007 570539746 753120338 762030273 854684009 860836826 988082744 1010673316 1078683094 1111497595 1124316966 1135611940 1164201001 1178269393 1249130758 1350020634 1499149563 1551686868 1574326558 1581090896 1763636214 1765857571 1798871232 1835742160 1895226176 1979133402
333687381 365855260 424891007 570539746 753120338 762030273 854684009 860836826 988082744 1010673316 1078683094 1111497595 1124316966 1135611940 1164201001 1178269393 1249130758 1350020634 1499149563 1551686868 1574326558 1581090896 1763636214 1765857571 1798871232 1835742160 1895226176 1979133402
365855260 424891007 570539746 753120338 762030273 854684009 860836826 988082744 1010673316 1078683094 1111497595 1124316966 1135611940 1164201001 1178269393 1249130758 1350020634 1499149563 1551686868 1574326558 1581090896 1763636214 1765857571 1798871232 1835742160 1895226176 1979133402
424891007 570539746 753120338 762030273 854684009 860836826 988082744 1010673316 1078683094 1111497595 1124316966 1135611940 1164201001 1178269393 1249130758 1350020634 1499149563 1551686868 1574326558 1581090896 1763636214 1765857571 1798871232 1835742160 1895226176 1979133402
570539746 753120338 762030273 854684009 860836826 988082744 1010673316 1078683094 1111497595 1124316966 1135611940 1164201001 1178269393 1249130758 1350020634 1499149563 1551686868 1574326558 1581090896 1763636214 1765857571 1798871232 1835742160 1895226176 1979133402
753120338 762030273 854684009 860836826 988082744 1010673316 1078683094 1111497595 1124316966 1135611940 1164201001 1178269393 1249130758 1350020634 1499149563 1551686868 1574326558 1581090896 1763636214 1765857571 1798871232 1835742160 1895226176 1979133402
762030273 854684009 860836826 988082744 1010673316 1078683094 1111497595 1124316966 1135611940 1164201001 1178269393 1249130758 1350020634 1499149563 1551686868 1574326558 1581090896 1763636214 1765857571 1798871232 1835742160 1895226176 1979133402
854684009 860836826 988082744 1010673316 1078683094 1111497595 1124316966 1135611940 1164201001 1178269393 1249130758 1350020634 1499149563 1551686868 1574326558 1581090896 1763636214 1765857571 1798871232 1835742160 1895226176 1979133402
860836826 988082744 1010673316 1078683094 1111497595 1124316966 1135611940 1164201001 1178269393 1249130758 1350020634 1499149563 1551686868 1574326558 1581090896 1763636214 1765857571 1798871232 1835742160 1895226176 1979133402
988082744 1010673316 1078683094 1111497595 1124316966 1135611940 1164201001 1178269393 1249130758 1350020634 1499149563 1551686868 1574326558 1581090896 1763636214 1765857571 1798871232 1835742160 1895226176 1979133402
1010673316 1078683094 1111497595 1124316966 1135611940 1164201001 1178269393 1249130758 1350020634 1499149563 1551686868 1574326558 1581090896 1763636214 1765857571 1798871232 1835742160 1895226176 1979133402
1078683094 1111497595 1124316966 1135611940 1164201001 1178269393 1249130758 1350020634 1499149563 1551686868 1574326558 1581090896 1763636214 1765857571 1798871232 1835742160 1895226176 1979133402
1111497595 1124316966 1135611940 1164201001 1178269393 1249130758 1350020634 1499149563 1551686868 1574326558 1581090896 1763636214 1765857571 1798871232 1835742160 1895226176 1979133402
1124316966 1135611940 1164201001 1178269393 1249130758 1350020634 1499149563 1551686868 1574326558 1581090896 1763636214 1765857571 1798871232 1835742160 1895226176 1979133402
1135611940 1164201001 1178269393 1249130758 1350020634 1499149563 1551686868 1574326558 1581090896 1763636214 1765857571 1798871232 1835742160 1895226176 1979133402
1164201001 1178269393 1249130758 1350020634 1499149563 1551686868 1574326558 1581090896 1763636214 1765857571 1798871232 1835742160 1895226176 1979133402
1178269393 1249130758 1350020634 1499149563 1551686868 1574326558 1581090896 1763636214 1765857571 1798871232 1835742160 1895226176 1979133402
1249130758 1350020634 1499149563 1551686868 1574326558 1581090896 1763636214 1765857571 1798871232 1835742160 1895226176 1979133402
1350020634 1499149563 1551686868 1574326558 1581090896 1763636214 1765857571 1798871232 1835742160 1895226176 1979133402
1499149563 1551686868 1574326558 1581090896 1763636214 1765857571 1798871232 1835742160 1895226176 1979133402
1551686868 1574326558 1581090896 1763636214 1765857571 1798871232 1835742160 1895226176 1979133402
1574326558 1581090896 1763636214 1765857571 1798871232 1835742160 1895226176 1979133402
1581090896 1763636214 1765857571 1798871232 1835742160 1895226176 1979133402
1763636214 1765857571 1798871232 1835742160 1895226176 1979133402
1765857571 1798871232 1835742160 1895226176 1979133402
1798871232 1835742160 1895226176 1979133402
1835742160 1895226176 1979133402
1895226176 1979133402
